100
97 95 1
7 7 0
96 96 0
21 21 1
32 32 1
77 77 0
12 12 0
66 66 0
39 39 0
91 91 0
46 46 0
55 55 1
3 3 1
43 43 1
50 50 1
10 10 1
53 53 1
78 78 1
5 5 1
47 47 0
54 54 0
44 44 1
2 2 0
87 87 1
42 42 0
60 60 1
31 31 0
45 45 0
38 38 0
37 37 0
22 22 1
80 80 0
1 1 1
79 79 1
52 52 1
70 70 1
74 74 1
71 71 1
95 95 0
61 61 1
18 18 1
67 67 1
16 16 1
68 68 1
94 94 1
82 82 1
36 36 1
72 72 0
84 84 0
76 76 0
33 33 0
19 19 1
34 34 0
6 6 1
27 27 1
93 93 0
29 29 1
90 90 0
23 23 1
89 89 1
97 97 0
65 65 0
11 11 0
83 83 1
62 62 0
58 58 0
41 41 1
17 17 1
81 81 1
35 35 0
14 14 1
26 26 0
57 57 1
24 24 1
25 25 0
59 59 0
40 40 1
28 28 1
49 49 0
64 64 1
8 8 0
88 88 0
69 69 0
15 15 1
9 9 0
63 63 1
56 56 1
4 4 1
86 86 0
13 13 0
51 51 0
92 92 0
48 48 0
85 85 0
20 20 0
75 75 0
92 92 1
2 2 1
84 84 0
69 69 0
62 62 0
26 26 0
21 21 0
46 46 1
88 88 0
15 15 1
86 86 1
30 30 0
1 1 1
49 49 0
36 36 1
18 18 1
67 67 1
29 29 0
59 59 0
76 76 1
44 44 0
77 77 0
74 74 0
27 27 1
56 56 0
53 53 0
91 91 1
89 89 1
90 90 0
3 3 0
28 28 1
10 10 1
66 66 1
5 5 0
40 40 0
11 11 1
34 34 0
22 22 1
58 58 1
60 60 1
52 52 0
25 25 1
17 17 1
20 20 1
13 13 1
43 43 1
45 45 0
6 6 0
37 37 1
16 16 1
64 64 1
75 75 0
70 70 1
19 19 1
50 50 0
54 54 0
83 83 1
14 14 0
41 41 1
63 63 0
33 33 1
65 65 1
32 32 0
55 55 1
4 4 0
9 9 1
8 8 0
51 51 1
38 38 0
48 48 0
47 47 0
35 35 0
68 68 0
80 80 1
87 87 0
73 73 1
72 72 0
31 31 0
82 82 0
61 61 0
23 23 1
78 78 0
79 79 1
71 71 0
39 39 0
12 12 1
81 81 0
85 85 1
42 42 1
7 7 1
24 24 0
57 57 1
92 92 0
95 16 542251338327483762
66 66 1
68 68 0
31 31 0
8 8 1
90 90 0
78 78 0
62 62 1
32 32 0
10 10 0
53 53 1
51 51 1
46 46 0
1 1 1
86 86 0
43 43 0
71 71 1
92 64 104770506
75 75 0
79 79 0
15 15 1
72 72 0
19 19 1
27 27 0
40 40 1
46 46 1
35 35 1
10 10 0
37 37 1
92 92 0
29 29 0
70 70 0
56 56 0
52 52 1
23 23 0
65 65 0
47 47 0
8 8 1
73 73 0
58 58 1
48 48 0
14 14 1
67 67 0
31 31 0
17 17 1
24 24 1
82 82 1
77 77 1
61 61 1
89 89 0
6 6 0
68 68 1
49 49 0
45 45 0
50 50 1
63 63 0
16 16 0
59 59 0
22 22 0
53 53 1
32 32 1
43 43 1
86 86 1
54 54 0
13 13 1
74 74 0
38 38 1
44 44 0
5 5 0
26 26 0
9 9 0
81 81 0
42 42 0
51 51 1
20 20 0
88 88 0
87 87 0
84 84 0
39 39 0
7 7 0
1 1 0
64 64 0
98 69 31414651
40 40 0
53 53 0
4 4 0
42 42 1
92 92 0
62 62 0
45 45 0
76 76 1
57 57 1
93 93 0
8 8 1
12 12 1
87 87 1
49 49 0
91 91 1
63 63 0
23 23 0
80 80 0
75 75 1
74 74 1
48 48 0
71 71 1
33 33 1
3 3 1
65 65 1
86 86 1
29 29 1
83 83 0
11 11 1
36 36 1
96 96 1
60 60 0
79 79 0
37 37 1
77 77 0
34 34 0
84 84 1
30 30 0
58 58 0
78 78 1
19 19 0
24 24 0
6 6 0
85 85 0
32 32 1
41 41 0
89 89 0
95 95 1
47 47 1
67 67 0
5 5 0
51 51 0
70 70 1
56 56 1
9 9 0
66 66 0
13 13 0
61 61 0
72 72 1
15 15 1
88 88 1
26 26 1
22 22 1
2 2 0
43 43 1
7 7 1
97 97 0
1 1 0
18 18 1
95 37 171775546750944728
53 53 1
25 25 0
63 63 1
23 23 0
16 16 0
56 56 1
81 81 0
8 8 0
29 29 0
5 5 1
61 61 1
88 88 0
45 45 0
86 86 0
60 60 1
7 7 1
9 9 0
21 21 1
49 49 1
84 84 0
43 43 1
85 85 0
54 54 0
40 40 0
3 3 0
83 83 0
95 95 1
32 32 1
22 22 0
82 82 0
46 46 1
75 75 0
34 34 0
19 19 1
52 52 0
18 18 0
57 57 1
94 33 713666084852384204
32 32 1
25 25 0
53 53 1
48 48 1
69 69 0
15 15 0
31 31 0
41 41 0
10 10 1
29 29 1
36 36 0
87 87 0
88 88 0
40 40 0
1 1 1
70 70 0
22 22 1
79 79 0
92 92 0
80 80 1
85 85 1
3 3 1
17 17 1
50 50 0
82 82 1
78 78 0
13 13 0
2 2 1
16 16 0
18 18 1
64 64 1
57 57 1
51 51 1
92 42 632988776207413
34 34 0
41 41 0
48 48 0
47 47 0
21 21 1
19 19 1
49 49 1
32 32 0
57 57 0
2 2 0
90 90 1
26 26 1
52 52 0
33 33 0
85 85 0
89 89 1
62 62 1
37 37 1
71 71 0
44 44 1
50 50 1
1 1 1
74 74 1
72 72 0
36 36 1
4 4 1
60 60 0
59 59 1
67 67 1
55 55 1
25 25 0
54 54 1
92 92 0
65 65 1
81 81 0
56 56 0
15 15 0
45 45 0
53 53 1
23 23 1
68 68 1
31 31 1
5 1 6
2 2 0
6 4 3
5 5 1
3 3 0
6 6 1
1 1 0
9 7 1
3 3 1
7 7 0
9 9 0
8 8 0
5 5 0
6 6 0
4 4 0
97 14 985834888312514944
41 41 1
92 92 0
91 91 0
10 10 0
44 44 0
58 58 0
77 77 0
55 55 1
97 97 0
39 39 0
23 23 0
2 2 0
22 22 1
24 24 0
99 97 2
86 86 1
53 53 1
32 32 0
56 56 1
85 85 0
62 62 1
19 19 1
7 7 1
33 33 0
46 46 0
79 79 1
17 17 1
78 78 1
73 73 1
43 43 0
31 31 1
50 50 0
91 91 1
57 57 0
84 84 1
77 77 1
60 60 1
3 3 1
64 64 1
1 1 0
5 5 1
42 42 1
26 26 0
13 13 0
36 36 1
95 95 0
92 92 0
88 88 0
67 67 1
27 27 0
35 35 0
24 24 0
14 14 0
30 30 1
18 18 1
28 28 0
9 9 1
34 34 1
47 47 1
11 11 0
6 6 0
4 4 0
80 80 1
59 59 0
97 97 1
38 38 0
96 96 1
44 44 1
76 76 0
75 75 1
72 72 0
25 25 0
10 10 1
98 98 0
21 21 0
87 87 1
90 90 0
16 16 0
52 52 0
74 74 0
49 49 0
20 20 1
66 66 1
12 12 1
82 82 0
68 68 0
39 39 0
71 71 0
2 2 1
15 15 0
61 61 1
70 70 1
23 23 1
58 58 1
45 45 1
40 40 1
54 54 0
51 51 0
63 63 1
48 48 0
93 93 0
55 55 0
81 81 0
89 89 1
8 8 0
65 65 0
69 69 1
41 41 0
22 22 1
94 94 1
83 83 1
29 29 1
98 60 217469036708
92 92 0
23 23 1
22 22 1
82 82 1
8 8 0
40 40 1
61 61 0
75 75 0
11 11 0
96 96 1
93 93 1
17 17 1
2 2 0
30 30 0
14 14 1
88 88 0
34 34 0
67 67 1
49 49 1
7 7 1
20 20 0
32 32 0
63 63 1
85 85 1
10 10 0
79 79 0
42 42 1
74 74 0
80 80 0
72 72 1
91 91 1
73 73 1
94 94 1
97 97 0
95 95 1
29 29 0
89 89 0
26 26 0
12 12 1
76 76 0
9 9 1
71 71 0
58 58 1
90 90 1
68 68 1
77 77 1
33 33 1
64 64 0
44 44 0
24 24 0
56 56 1
48 48 0
21 21 1
36 36 0
3 3 1
35 35 0
62 62 1
16 16 1
25 25 1
37 37 0
100 20 121563797938521224
2 2 1
32 32 1
87 87 1
90 90 0
74 74 0
45 45 0
38 38 1
14 14 1
40 40 1
73 73 1
96 96 0
62 62 1
34 34 0
71 71 1
75 75 0
20 20 0
39 39 0
93 93 0
28 28 0
68 68 1
91 68 7652331
67 67 0
7 7 1
85 85 1
34 34 0
31 31 0
91 91 0
43 43 0
80 80 1
69 69 1
49 49 1
16 16 1
66 66 0
22 22 0
30 30 0
89 89 1
88 88 1
86 86 1
73 73 1
59 59 0
9 9 1
51 51 1
35 35 1
42 42 0
3 3 1
40 40 1
18 18 0
2 2 0
75 75 0
24 24 0
44 44 1
58 58 1
5 5 1
27 27 1
63 63 0
77 77 0
11 11 1
60 60 0
50 50 0
1 1 0
38 38 0
79 79 0
56 56 0
21 21 1
23 23 1
25 25 1
78 78 0
47 47 1
12 12 1
64 64 0
82 82 0
13 13 0
20 20 0
74 74 1
48 48 0
19 19 0
81 81 1
61 61 0
57 57 0
84 84 0
62 62 1
28 28 1
90 90 0
72 72 0
68 68 0
4 4 0
32 32 1
36 36 0
6 6 1
97 81 32896
52 52 1
51 51 0
72 72 1
15 15 0
20 20 0
49 49 1
21 21 1
73 73 0
25 25 0
4 4 1
77 77 0
40 40 0
44 44 0
39 39 0
14 14 1
87 87 0
76 76 0
45 45 0
54 54 1
80 80 0
65 65 1
94 94 1
89 89 0
91 91 1
58 58 1
53 53 1
69 69 1
2 2 0
10 10 1
84 84 0
57 57 0
29 29 0
35 35 1
64 64 0
7 7 1
63 63 0
41 41 0
6 6 0
46 46 0
43 43 0
28 28 0
34 34 0
90 90 0
36 36 1
50 50 0
23 23 0
83 83 0
22 22 1
70 70 1
1 1 1
16 16 0
92 92 0
88 88 0
12 12 0
85 85 1
56 56 1
93 93 1
61 61 0
38 38 1
82 82 0
59 59 0
9 9 1
55 55 0
60 60 0
30 30 0
62 62 0
74 74 1
11 11 0
32 32 0
66 66 1
42 42 1
31 31 1
27 27 0
48 48 0
47 47 1
71 71 0
37 37 0
33 33 1
13 13 1
79 79 1
95 95 0
93 73 289514
37 37 1
68 68 0
39 39 0
58 58 1
13 13 1
84 84 1
26 26 0
49 49 1
73 73 0
12 12 1
23 23 0
78 78 0
54 54 1
47 47 1
92 92 0
6 6 0
16 16 1
38 38 0
91 91 1
83 83 0
67 67 1
89 89 1
66 66 1
5 5 0
79 79 1
20 20 0
25 25 1
7 7 1
30 30 0
43 43 0
81 81 1
50 50 0
2 2 0
19 19 0
63 63 0
22 22 0
48 48 0
59 59 1
45 45 0
14 14 1
33 33 1
74 74 0
31 31 0
80 80 0
4 4 0
15 15 0
76 76 0
65 65 1
77 77 0
90 90 0
10 10 1
72 72 1
21 21 1
27 27 1
24 24 1
35 35 1
32 32 1
52 52 0
17 17 0
62 62 1
42 42 1
93 93 1
29 29 0
34 34 0
9 9 0
46 46 1
51 51 1
8 8 1
75 75 1
18 18 0
60 60 1
71 71 0
85 85 1
7 1 23
5 5 1
94 12 953199879362067492
51 51 0
50 50 0
74 74 0
37 37 1
78 78 0
1 1 1
70 70 1
82 82 1
18 18 0
86 86 0
32 32 1
24 24 0
97 73 9038645
84 84 1
80 80 1
38 38 0
39 39 1
37 37 0
97 97 1
62 62 1
82 82 0
6 6 1
30 30 1
94 94 0
69 69 1
23 23 0
22 22 1
63 63 1
34 34 1
2 2 1
12 12 1
96 96 0
85 85 1
70 70 0
68 68 0
27 27 1
43 43 0
61 61 0
46 46 1
21 21 1
20 20 1
45 45 1
77 77 1
31 31 1
19 19 0
52 52 0
60 60 0
75 75 0
92 92 0
86 86 0
95 95 0
15 15 0
90 90 0
87 87 1
17 17 0
25 25 1
65 65 0
76 76 0
24 24 1
18 18 0
3 3 1
71 71 1
5 5 0
11 11 0
79 79 0
53 53 0
9 9 0
8 8 0
35 35 0
73 73 0
74 74 1
14 14 0
47 47 1
1 1 1
51 51 1
33 33 0
16 16 0
72 72 0
28 28 0
49 49 1
32 32 1
64 64 1
67 67 0
50 50 0
13 13 1
89 89 0
92 23 810669840212284881
72 72 0
23 23 1
50 50 0
10 10 1
91 91 0
36 36 1
81 81 0
45 45 0
68 68 0
15 15 1
37 37 1
84 84 0
49 49 1
39 39 1
66 66 0
28 28 0
55 55 1
85 85 0
53 53 1
25 25 1
48 48 1
52 52 1
44 44 1
96 35 70095704933468059
46 46 0
75 75 0
17 17 1
52 52 1
88 88 1
34 34 1
77 77 0
20 20 1
45 45 1
49 49 0
87 87 0
14 14 0
13 13 1
68 68 1
28 28 1
55 55 1
89 89 0
82 82 1
60 60 0
93 93 0
39 39 1
23 23 0
33 33 0
2 2 0
92 92 0
95 95 1
42 42 0
73 73 0
48 48 0
72 72 1
91 91 1
15 15 1
85 85 1
76 76 0
22 22 0
96 53 5501960170162
68 68 0
32 32 1
24 24 1
95 95 0
2 2 1
86 86 0
83 83 0
37 37 1
7 7 1
42 42 1
25 25 1
10 10 0
30 30 0
81 81 1
43 43 1
4 4 0
91 91 0
58 58 1
90 90 1
6 6 1
93 93 1
29 29 0
34 34 1
12 12 1
27 27 0
84 84 1
51 51 1
35 35 0
28 28 0
82 82 0
72 72 0
13 13 0
1 1 0
94 94 0
33 33 1
14 14 0
22 22 1
46 46 1
74 74 0
23 23 0
3 3 1
67 67 0
17 17 1
64 64 1
59 59 1
70 70 1
89 89 1
78 78 0
87 87 0
55 55 1
21 21 0
76 76 1
66 66 1
5 5 1
3 3 0
5 5 0
4 4 0
2 2 0
1 1 0
94 16 459490362990192354
18 18 1
85 85 0
60 60 1
89 89 0
77 77 0
45 45 1
93 93 0
9 9 0
70 70 1
81 81 0
64 64 1
49 49 0
92 92 1
65 65 1
39 39 0
68 68 0
92 45 104915119243122
17 17 1
5 5 0
68 68 1
91 91 0
76 76 1
33 33 0
55 55 1
72 72 1
23 23 1
60 60 0
66 66 0
53 53 1
6 6 1
39 39 1
50 50 0
47 47 1
82 82 1
25 25 1
41 41 1
16 16 0
73 73 0
21 21 1
89 89 1
80 80 0
75 75 1
10 10 0
87 87 0
67 67 0
52 52 0
38 38 0
14 14 1
36 36 0
28 28 0
85 85 1
11 11 1
27 27 0
44 44 0
56 56 1
78 78 1
57 57 0
74 74 1
40 40 1
59 59 0
30 30 1
12 12 0
93 31 332777155892886523
66 66 0
37 37 1
85 85 1
69 69 0
34 34 1
25 25 0
87 87 0
5 5 0
78 78 1
68 68 1
51 51 0
70 70 0
21 21 1
54 54 1
42 42 0
48 48 1
1 1 0
52 52 0
44 44 0
47 47 0
15 15 1
2 2 0
38 38 1
20 20 0
92 92 1
19 19 1
84 84 1
10 10 1
91 91 1
45 45 0
71 71 1
93 49 2672859959889
40 40 0
35 35 1
34 34 0
37 37 1
66 66 0
62 62 1
69 69 0
89 89 0
44 44 0
14 14 0
76 76 0
77 77 0
81 81 1
68 68 1
8 8 1
6 6 1
20 20 1
18 18 0
74 74 0
7 7 0
33 33 0
43 43 0
61 61 0
22 22 1
31 31 1
10 10 1
59 59 1
86 86 0
47 47 0
85 85 1
57 57 1
84 84 0
23 23 0
87 87 1
11 11 1
38 38 0
72 72 1
32 32 0
56 56 0
58 58 1
51 51 0
65 65 1
50 50 0
24 24 0
15 15 1
70 70 1
55 55 1
1 1 0
64 64 1
91 50 1275006477064
17 17 0
73 73 1
53 53 0
18 18 0
85 85 1
45 45 1
19 19 1
55 55 1
75 75 0
37 37 0
21 21 1
27 27 1
54 54 0
16 16 0
78 78 0
48 48 1
2 2 0
7 7 0
23 23 1
38 38 1
39 39 1
64 64 1
81 81 1
59 59 1
47 47 1
40 40 0
4 4 0
35 35 1
46 46 0
26 26 0
87 87 1
89 89 0
62 62 0
60 60 0
42 42 1
74 74 0
31 31 0
6 6 1
43 43 0
10 10 1
52 52 0
14 14 0
1 1 1
28 28 1
61 61 0
5 5 0
65 65 0
72 72 0
83 83 0
82 82 1
100 11 208214895900093677
26 26 1
84 84 0
24 24 0
55 55 0
18 18 0
76 76 0
63 63 0
40 40 1
22 22 1
23 23 1
7 7 1
95 7 340751417199076811
34 34 0
48 48 1
76 76 0
56 56 1
50 50 0
24 24 0
81 81 0
6 6 1
1 1 1
3 3 0
4 4 0
5 5 1
6 6 1
2 2 1
92 75 120029
42 42 1
23 23 1
75 75 1
68 68 1
48 48 1
62 62 0
76 76 1
2 2 0
82 82 0
90 90 1
8 8 1
31 31 0
54 54 0
67 67 0
3 3 1
24 24 0
77 77 0
18 18 1
47 47 0
29 29 1
51 51 1
30 30 0
12 12 0
72 72 1
41 41 0
38 38 1
46 46 1
92 92 1
80 80 0
22 22 0
4 4 1
13 13 0
33 33 0
7 7 0
79 79 0
64 64 0
63 63 1
69 69 0
34 34 1
6 6 0
32 32 1
81 81 1
11 11 0
70 70 1
45 45 0
60 60 1
26 26 0
28 28 1
25 25 1
44 44 0
55 55 1
56 56 0
50 50 1
78 78 0
49 49 1
89 89 1
17 17 1
88 88 0
35 35 0
59 59 1
19 19 1
91 91 0
86 86 0
14 14 0
74 74 1
1 1 1
83 83 0
21 21 1
87 87 0
40 40 0
84 84 0
9 9 0
52 52 0
85 85 0
39 39 0
99 52 112486009255348
65 65 1
37 37 1
6 6 0
61 61 0
32 32 1
41 41 1
12 12 1
78 78 0
76 76 0
3 3 0
81 81 1
18 18 1
90 90 0
19 19 1
49 49 1
47 47 0
98 98 0
5 5 0
13 13 0
22 22 0
11 11 1
31 31 1
63 63 0
64 64 0
10 10 0
68 68 1
58 58 0
38 38 1
29 29 1
57 57 1
51 51 0
84 84 1
9 9 1
70 70 1
16 16 1
56 56 1
75 75 0
74 74 0
52 52 1
87 87 1
71 71 1
44 44 0
30 30 0
21 21 0
97 97 0
46 46 0
73 73 1
28 28 1
91 91 1
42 42 1
2 2 0
8 8 1
95 50 5652734606640
87 87 0
20 20 1
26 26 0
74 74 0
54 54 0
45 45 0
25 25 0
17 17 0
37 37 1
16 16 1
64 64 1
7 7 1
75 75 0
6 6 1
58 58 1
91 91 0
63 63 0
30 30 0
14 14 0
73 73 1
52 52 0
46 46 0
22 22 1
27 27 0
90 90 0
79 79 0
40 40 1
66 66 0
2 2 0
23 23 1
41 41 0
10 10 0
33 33 0
9 9 0
34 34 1
39 39 0
24 24 1
38 38 0
56 56 1
3 3 1
4 4 0
13 13 1
89 89 0
21 21 0
49 49 1
5 5 0
65 65 0
44 44 1
61 61 0
31 31 1
91 70 655017
79 79 0
24 24 0
58 58 1
73 73 0
83 83 1
38 38 1
13 13 0
42 42 0
53 53 0
39 39 0
68 68 1
65 65 1
78 78 0
57 57 1
46 46 0
50 50 1
16 16 0
45 45 0
2 2 0
48 48 0
15 15 1
72 72 1
82 82 0
11 11 0
31 31 1
63 63 0
43 43 1
25 25 0
88 88 0
34 34 1
64 64 0
44 44 0
18 18 0
81 81 1
40 40 1
86 86 1
62 62 1
52 52 1
75 75 0
76 76 1
84 84 1
89 89 1
3 3 0
35 35 0
59 59 1
54 54 1
8 8 1
49 49 0
20 20 0
60 60 1
74 74 0
67 67 1
55 55 1
47 47 1
85 85 0
77 77 0
71 71 0
29 29 1
17 17 0
7 7 0
9 9 1
19 19 1
14 14 1
22 22 1
37 37 0
26 26 0
1 1 0
90 90 0
30 30 0
33 33 1
100 98 2
50 50 0
71 71 0
94 94 1
91 91 1
56 56 1
22 22 0
61 61 1
19 19 0
25 25 0
88 88 1
75 75 0
17 17 0
51 51 1
85 85 1
9 9 0
65 65 0
40 40 0
20 20 1
74 74 1
47 47 1
67 67 1
27 27 1
10 10 0
7 7 0
34 34 0
79 79 1
4 4 1
31 31 0
99 99 0
81 81 0
100 100 1
53 53 1
64 64 1
63 63 1
58 58 0
42 42 1
44 44 1
54 54 0
5 5 1
16 16 0
80 80 1
83 83 1
41 41 1
96 96 1
14 14 0
76 76 1
90 90 1
66 66 1
55 55 1
36 36 1
77 77 0
35 35 0
68 68 0
18 18 1
23 23 1
86 86 0
11 11 1
39 39 1
98 98 1
2 2 0
78 78 1
97 97 1
70 70 0
62 62 1
15 15 1
59 59 0
12 12 1
73 73 1
57 57 1
92 92 1
1 1 0
30 30 0
82 82 1
89 89 0
46 46 0
6 6 1
52 52 1
93 93 1
3 3 1
72 72 1
13 13 0
26 26 0
33 33 0
49 49 1
95 95 0
48 48 0
43 43 0
32 32 0
69 69 0
8 8 1
28 28 0
87 87 0
60 60 1
84 84 0
45 45 1
21 21 0
29 29 1
24 24 0
7 4 8
5 5 0
2 2 1
3 3 1
7 7 1
94 78 60723
89 89 0
59 59 0
38 38 0
45 45 0
41 41 0
26 26 1
44 44 1
4 4 0
85 85 1
47 47 1
21 21 0
61 61 1
51 51 0
22 22 1
52 52 0
73 73 1
67 67 1
66 66 1
93 93 0
12 12 1
30 30 1
74 74 0
7 7 0
82 82 0
58 58 0
13 13 0
62 62 0
34 34 1
55 55 0
76 76 1
40 40 0
8 8 0
11 11 0
23 23 1
48 48 0
78 78 1
24 24 1
80 80 1
32 32 0
42 42 0
27 27 0
77 77 0
28 28 0
86 86 1
88 88 0
63 63 0
56 56 1
39 39 1
25 25 0
50 50 1
1 1 1
68 68 1
57 57 0
54 54 1
91 91 1
72 72 0
43 43 1
75 75 0
87 87 1
19 19 1
9 9 0
53 53 1
33 33 0
15 15 0
2 2 0
3 3 0
64 64 1
46 46 1
70 70 1
6 6 0
90 90 1
10 10 1
18 18 0
71 71 1
79 79 0
65 65 1
49 49 1
37 37 0
8 5 1
4 4 0
3 3 1
2 2 1
1 1 0
8 8 1
99 91 144
33 33 1
47 47 0
93 93 0
39 39 0
63 63 0
26 26 0
32 32 1
36 36 1
75 75 1
24 24 0
13 13 1
52 52 1
57 57 1
50 50 0
20 20 0
21 21 0
35 35 1
98 98 0
62 62 1
54 54 1
83 83 1
80 80 0
70 70 1
77 77 1
56 56 0
91 91 0
89 89 1
49 49 1
85 85 0
16 16 1
38 38 0
9 9 1
23 23 0
95 95 1
6 6 1
19 19 1
51 51 0
3 3 0
72 72 0
29 29 1
25 25 1
82 82 0
7 7 1
28 28 1
48 48 0
61 61 0
84 84 1
88 88 1
99 99 1
64 64 0
27 27 1
97 97 1
12 12 1
78 78 1
81 81 0
42 42 0
59 59 1
66 66 1
14 14 0
8 8 1
69 69 0
43 43 1
40 40 1
76 76 0
46 46 0
58 58 1
73 73 0
11 11 1
41 41 1
37 37 0
5 5 0
34 34 1
87 87 0
10 10 0
53 53 1
55 55 0
2 2 0
22 22 0
94 94 1
68 68 0
96 96 0
74 74 1
86 86 1
92 92 1
71 71 0
18 18 0
45 45 1
4 4 1
1 1 0
65 65 0
67 67 0
91 87 3
39 39 1
91 91 1
72 72 1
42 42 1
64 64 0
63 63 0
13 13 1
34 34 1
7 7 0
69 69 1
56 56 1
83 83 1
57 57 1
66 66 1
60 60 1
62 62 1
31 31 1
47 47 1
78 78 1
49 49 0
87 87 0
41 41 1
29 29 1
6 6 0
27 27 1
3 3 1
32 32 1
61 61 1
65 65 0
76 76 1
75 75 1
90 90 1
81 81 1
23 23 1
44 44 1
11 11 0
24 24 1
82 82 0
45 45 0
79 79 1
19 19 1
5 5 1
77 77 0
43 43 0
22 22 0
17 17 0
73 73 1
84 84 1
21 21 1
53 53 0
40 40 0
2 2 0
70 70 1
50 50 1
8 8 1
20 20 0
55 55 0
10 10 1
88 88 0
18 18 0
25 25 0
46 46 1
54 54 0
74 74 1
85 85 1
28 28 1
12 12 0
37 37 0
48 48 0
15 15 1
89 89 1
26 26 1
30 30 0
80 80 0
14 14 1
9 9 1
33 33 0
59 59 0
67 67 0
36 36 1
52 52 0
1 1 1
38 38 0
4 4 0
71 71 1
86 86 0
16 16 0
94 92 1
63 63 0
45 45 0
85 85 0
24 24 0
82 82 1
8 8 1
36 36 1
68 68 0
13 13 0
58 58 0
48 48 0
33 33 0
71 71 1
42 42 1
25 25 1
22 22 1
31 31 0
49 49 1
16 16 1
66 66 0
94 94 1
90 90 0
86 86 0
5 5 1
9 9 0
54 54 0
76 76 1
11 11 0
43 43 0
73 73 1
62 62 0
2 2 0
78 78 0
69 69 1
80 80 0
12 12 1
4 4 1
74 74 0
91 91 0
70 70 0
93 93 1
53 53 1
50 50 1
81 81 1
40 40 0
6 6 1
72 72 1
17 17 1
37 37 1
38 38 0
14 14 0
21 21 1
10 10 0
18 18 0
52 52 1
1 1 0
28 28 0
77 77 1
84 84 1
57 57 1
89 89 0
92 92 1
87 87 0
64 64 0
23 23 1
26 26 0
27 27 0
46 46 1
55 55 0
83 83 1
67 67 1
75 75 1
56 56 1
60 60 1
32 32 1
35 35 1
29 29 0
7 7 1
47 47 0
88 88 0
59 59 1
19 19 1
34 34 0
44 44 0
15 15 1
51 51 0
3 3 0
20 20 1
61 61 1
79 79 0
39 39 1
41 41 1
91 74 104361
54 54 0
29 29 0
71 71 0
88 88 0
49 49 0
83 83 1
77 77 1
66 66 0
39 39 0
7 7 1
84 84 1
74 74 0
24 24 0
91 91 1
86 86 0
79 79 0
12 12 0
57 57 0
47 47 1
13 13 0
48 48 0
33 33 0
26 26 1
70 70 0
8 8 1
82 82 0
15 15 0
1 1 0
87 87 1
21 21 1
17 17 0
75 75 0
27 27 1
65 65 1
18 18 1
72 72 1
53 53 1
62 62 1
64 64 0
3 3 0
90 90 1
51 51 1
30 30 1
31 31 0
56 56 1
11 11 1
10 10 0
45 45 0
32 32 0
4 4 1
89 89 1
44 44 0
19 19 0
37 37 0
78 78 0
81 81 0
34 34 1
28 28 0
41 41 0
43 43 1
58 58 1
42 42 0
80 80 1
5 5 0
76 76 1
69 69 1
38 38 1
9 9 0
55 55 0
46 46 1
40 40 1
6 6 0
20 20 0
67 67 0
92 3 878837226950660225
19 19 0
62 62 0
56 56 1
92 42 650308742937418
78 78 0
30 30 0
89 89 0
14 14 1
82 82 0
72 72 0
48 48 0
6 6 0
16 16 1
83 83 1
65 65 1
43 43 1
22 22 0
59 59 0
77 77 0
19 19 0
45 45 1
80 80 1
25 25 0
79 79 0
41 41 1
4 4 1
44 44 1
56 56 0
53 53 1
50 50 0
23 23 0
87 87 1
86 86 0
68 68 0
39 39 0
52 52 0
88 88 1
31 31 0
63 63 0
91 91 1
32 32 1
55 55 1
69 69 1
51 51 0
35 35 1
13 13 1
5 4 1
3 3 0
5 5 1
1 1 1
2 2 1
95 94 2
62 62 0
36 36 1
79 79 0
63 63 0
90 90 1
40 40 0
30 30 1
38 38 0
35 35 0
88 88 1
53 53 0
15 15 0
13 13 0
21 21 1
64 64 1
6 6 1
83 83 1
92 92 0
20 20 1
67 67 0
61 61 1
82 82 0
76 76 0
69 69 0
18 18 1
32 32 0
37 37 0
45 45 0
59 59 0
78 78 0
24 24 1
94 94 0
66 66 0
10 10 1
31 31 0
87 87 1
33 33 1
52 52 0
49 49 1
25 25 0
89 89 0
75 75 0
65 65 0
39 39 0
4 4 0
85 85 1
86 86 0
26 26 0
2 2 0
29 29 0
12 12 0
93 93 1
19 19 1
84 84 1
74 74 1
57 57 0
1 1 0
73 73 0
71 71 0
46 46 1
72 72 1
17 17 0
91 91 0
27 27 1
47 47 1
43 43 0
58 58 1
95 95 0
51 51 0
7 7 1
44 44 1
48 48 1
5 5 0
68 68 1
41 41 0
9 9 0
42 42 1
3 3 1
34 34 0
81 81 0
55 55 1
60 60 1
14 14 1
23 23 0
50 50 1
22 22 0
8 8 0
11 11 0
70 70 1
77 77 1
28 28 0
80 80 0
54 54 0
56 56 0
93 70 3417760
31 31 0
48 48 0
78 78 1
46 46 1
4 4 0
11 11 1
17 17 0
64 64 1
35 35 0
6 6 1
1 1 0
15 15 0
58 58 0
29 29 1
84 84 0
91 91 0
52 52 0
25 25 1
85 85 0
61 61 0
93 93 0
37 37 0
42 42 0
63 63 0
30 30 1
77 77 1
9 9 0
23 23 1
7 7 0
39 39 0
66 66 0
36 36 0
90 90 1
70 70 1
24 24 1
83 83 1
54 54 0
16 16 1
82 82 1
88 88 0
79 79 0
80 80 1
56 56 0
27 27 1
28 28 0
45 45 0
92 92 0
68 68 0
40 40 1
2 2 1
21 21 0
10 10 1
73 73 0
60 60 0
41 41 1
74 74 0
55 55 0
20 20 1
49 49 1
18 18 0
12 12 0
32 32 1
75 75 1
87 87 0
72 72 1
67 67 0
33 33 1
38 38 1
14 14 0
34 34 0
99 30 161492229541266700
96 96 0
58 58 1
52 52 1
49 49 0
86 86 0
74 74 1
83 83 1
23 23 0
28 28 1
46 46 1
82 82 0
14 14 1
33 33 0
41 41 0
4 4 0
19 19 0
31 31 1
25 25 1
20 20 1
79 79 1
68 68 1
89 89 1
95 95 0
44 44 0
16 16 1
97 97 1
73 73 1
1 1 1
98 98 0
88 88 1
95 87 200
59 59 1
5 5 1
92 92 1
64 64 0
86 86 0
35 35 0
6 6 1
85 85 0
7 7 0
90 90 0
34 34 0
8 8 0
77 77 0
88 88 1
9 9 1
12 12 0
68 68 1
44 44 1
4 4 1
50 50 0
94 94 0
74 74 1
67 67 1
21 21 0
42 42 0
91 91 1
2 2 1
36 36 1
69 69 0
56 56 1
78 78 1
26 26 0
22 22 0
27 27 1
73 73 0
46 46 1
49 49 1
66 66 0
23 23 0
18 18 0
20 20 1
16 16 0
47 47 0
43 43 0
25 25 1
79 79 1
31 31 0
82 82 1
76 76 0
41 41 1
55 55 1
61 61 0
33 33 1
19 19 0
87 87 0
48 48 1
37 37 1
39 39 0
54 54 1
57 57 0
60 60 0
95 95 1
81 81 1
11 11 1
14 14 1
13 13 1
38 38 0
29 29 1
1 1 1
58 58 0
65 65 0
53 53 1
93 93 1
30 30 1
83 83 0
10 10 1
70 70 1
71 71 1
32 32 0
62 62 1
40 40 1
75 75 0
84 84 0
72 72 0
52 52 1
3 3 1
63 63 1
97 54 5330306815894
46 46 1
37 37 1
82 82 1
45 45 0
9 9 0
84 84 0
93 93 1
61 61 1
35 35 1
28 28 0
89 89 0
68 68 0
67 67 1
47 47 1
14 14 1
94 94 0
77 77 0
65 65 0
12 12 1
7 7 0
72 72 1
23 23 1
30 30 1
73 73 0
56 56 0
22 22 0
33 33 0
92 92 0
88 88 1
15 15 1
57 57 1
97 97 1
87 87 0
27 27 0
51 51 1
80 80 1
66 66 0
21 21 0
90 90 0
52 52 1
85 85 1
49 49 0
13 13 0
59 59 0
81 81 1
5 5 0
10 10 0
69 69 1
62 62 1
76 76 1
74 74 0
2 2 0
54 54 1
1 1 1
92 90 2
79 79 0
48 48 0
43 43 0
38 38 0
34 34 1
8 8 0
51 51 1
5 5 1
88 88 0
30 30 1
18 18 1
67 67 1
55 55 1
21 21 1
41 41 1
64 64 1
71 71 1
54 54 1
2 2 1
80 80 1
46 46 0
28 28 0
10 10 1
27 27 1
69 69 0
12 12 1
90 90 1
42 42 1
37 37 1
76 76 0
29 29 0
63 63 1
22 22 1
62 62 1
9 9 0
68 68 0
13 13 0
49 49 1
1 1 0
82 82 1
24 24 0
7 7 0
6 6 0
39 39 0
57 57 0
31 31 1
56 56 1
19 19 0
3 3 0
72 72 0
25 25 1
52 52 1
14 14 0
83 83 0
66 66 0
11 11 1
73 73 1
45 45 1
26 26 1
75 75 0
61 61 1
36 36 0
91 91 1
4 4 0
58 58 1
44 44 1
77 77 1
70 70 0
32 32 1
78 78 0
15 15 0
35 35 0
87 87 0
85 85 1
86 86 1
50 50 0
47 47 1
89 89 1
53 53 1
33 33 0
59 59 0
23 23 0
20 20 1
92 92 1
81 81 1
60 60 1
17 17 1
74 74 1
40 40 1
16 16 0
100 100 1
1 1 1
2 2 1
3 3 0
4 4 1
5 5 0
6 6 1
7 7 0
8 8 0
9 9 1
10 10 0
11 11 0
12 12 1
13 13 0
14 14 1
15 15 1
16 16 0
17 17 1
18 18 0
19 19 0
20 20 1
21 21 0
22 22 1
23 23 1
24 24 1
25 25 1
26 26 0
27 27 0
28 28 1
29 29 0
30 30 1
31 31 1
32 32 0
33 33 1
34 34 0
35 35 1
36 36 0
37 37 1
38 38 1
39 39 0
40 40 0
41 41 0
42 42 0
43 43 0
44 44 0
45 45 0
46 46 1
47 47 1
48 48 0
49 49 1
50 50 1
51 51 1
52 52 0
53 53 0
54 54 1
55 55 0
56 56 1
57 57 0
58 58 0
59 59 1
60 60 1
61 61 0
62 62 0
63 63 1
64 64 0
65 65 1
66 66 1
67 67 1
68 68 0
69 69 0
70 70 1
71 71 0
72 72 0
73 73 0
74 74 0
75 75 1
76 76 1
77 77 1
78 78 1
79 79 0
80 80 0
81 81 1
82 82 0
83 83 1
84 84 1
85 85 0
86 86 1
87 87 1
88 88 0
89 89 1
90 90 0
91 91 1
92 92 0
93 93 1
94 94 0
95 95 0
96 96 0
97 97 0
98 98 1
99 99 0
100 100 1
92 78 3485
21 21 1
91 91 1
80 80 1
73 73 1
3 3 1
56 56 1
45 45 0
62 62 1
43 43 1
1 1 0
85 85 0
50 50 1
47 47 1
6 6 0
89 89 1
51 51 1
44 44 0
74 74 1
55 55 1
32 32 1
82 82 0
66 66 1
72 72 1
8 8 1
79 79 1
11 11 0
63 63 0
84 84 0
4 4 0
46 46 1
13 13 1
54 54 0
36 36 0
27 27 0
25 25 1
70 70 0
88 88 0
37 37 1
77 77 1
52 52 1
15 15 1
59 59 0
18 18 0
61 61 0
78 78 0
19 19 1
39 39 0
29 29 0
7 7 1
24 24 0
23 23 1
30 30 0
71 71 1
67 67 0
53 53 1
16 16 1
92 92 1
90 90 0
57 57 1
76 76 0
20 20 0
48 48 1
49 49 1
83 83 0
65 65 1
31 31 0
35 35 1
14 14 1
64 64 1
86 86 0
22 22 1
81 81 1
5 5 1
42 42 0
41 41 1
33 33 0
87 87 0
75 75 0
91 68 4443722
89 89 1
41 41 1
55 55 0
53 53 1
67 67 0
6 6 1
71 71 1
58 58 1
4 4 1
19 19 0
91 91 0
22 22 0
8 8 0
49 49 1
75 75 0
90 90 0
12 12 0
44 44 1
32 32 0
63 63 1
30 30 0
86 86 0
7 7 0
26 26 1
29 29 1
79 79 1
48 48 1
16 16 0
10 10 0
34 34 0
70 70 1
59 59 0
46 46 1
68 68 0
13 13 0
80 80 1
18 18 0
11 11 0
45 45 0
81 81 0
15 15 1
66 66 1
9 9 1
23 23 1
72 72 0
27 27 0
78 78 0
62 62 0
77 77 1
47 47 1
5 5 0
76 76 1
87 87 0
73 73 0
2 2 0
54 54 0
1 1 0
17 17 0
88 88 1
3 3 1
65 65 1
51 51 1
14 14 0
64 64 1
40 40 1
57 57 0
39 39 1
85 85 1
99 26 807405452841825587
54 54 1
40 40 0
53 53 0
97 97 1
66 66 1
65 65 1
63 63 1
72 72 1
68 68 0
38 38 0
88 88 0
37 37 1
95 95 1
43 43 1
20 20 0
39 39 1
18 18 1
67 67 0
9 9 0
3 3 0
89 89 1
44 44 1
94 94 1
7 7 0
85 85 0
14 14 0
92 34 110053666790581380
80 80 0
82 82 0
3 3 1
57 57 0
40 40 0
53 53 0
49 49 0
59 59 0
27 27 0
47 47 1
12 12 1
36 36 1
78 78 0
44 44 1
8 8 0
52 52 1
79 79 0
17 17 1
83 83 1
69 69 0
11 11 1
61 61 1
2 2 0
26 26 1
31 31 0
73 73 1
87 87 0
35 35 1
77 77 1
34 34 1
9 9 0
60 60 1
70 70 0
38 38 0
91 84 63
27 27 1
30 30 0
51 51 1
72 72 0
47 47 1
54 54 1
35 35 1
81 81 1
86 86 0
78 78 0
79 79 1
31 31 1
2 2 0
55 55 0
43 43 1
7 7 0
75 75 1
14 14 0
42 42 1
26 26 0
83 83 0
22 22 0
1 1 1
84 84 0
50 50 0
18 18 0
15 15 0
56 56 1
53 53 1
6 6 0
19 19 1
28 28 1
13 13 1
37 37 0
82 82 1
52 52 0
16 16 0
65 65 1
3 3 1
68 68 0
89 89 0
91 91 0
44 44 1
11 11 0
66 66 1
17 17 0
38 38 0
87 87 0
40 40 0
39 39 0
41 41 0
76 76 0
23 23 0
59 59 0
8 8 0
49 49 1
20 20 0
45 45 1
58 58 1
57 57 0
10 10 1
63 63 1
90 90 1
60 60 0
25 25 0
9 9 0
12 12 0
33 33 1
73 73 0
85 85 1
36 36 1
69 69 1
71 71 0
70 70 0
67 67 1
48 48 0
64 64 1
32 32 0
80 80 1
34 34 1
74 74 0
21 21 1
29 29 1
5 5 0
98 61 6961199040
95 95 1
79 79 1
12 12 1
65 65 1
30 30 0
89 89 1
41 41 0
20 20 0
51 51 1
72 72 1
93 93 0
40 40 0
22 22 1
46 46 0
81 81 1
1 1 1
84 84 1
15 15 1
82 82 1
73 73 0
87 87 1
31 31 1
86 86 1
37 37 1
77 77 0
32 32 0
92 92 1
8 8 1
59 59 0
67 67 1
26 26 0
2 2 0
64 64 0
57 57 0
5 5 1
14 14 1
50 50 0
36 36 0
38 38 1
60 60 0
10 10 0
49 49 1
28 28 0
24 24 0
91 91 1
76 76 0
44 44 0
33 33 0
56 56 0
6 6 0
25 25 1
90 90 0
27 27 0
16 16 0
58 58 0
98 98 1
11 11 0
88 88 1
94 94 0
21 21 0
7 7 1
92 41 1262974939779922
16 16 1
60 60 0
70 70 0
42 42 0
43 43 0
24 24 1
56 56 0
3 3 0
61 61 0
69 69 0
37 37 0
35 35 0
47 47 0
80 80 1
49 49 1
45 45 1
33 33 1
10 10 0
7 7 1
52 52 0
27 27 0
46 46 1
38 38 0
30 30 1
89 89 1
65 65 1
62 62 1
23 23 0
1 1 0
19 19 0
50 50 1
22 22 1
76 76 1
82 82 0
28 28 0
78 78 0
86 86 0
6 6 1
90 90 0
13 13 1
57 57 0
96 81 8189
28 28 1
40 40 0
45 45 0
68 68 0
84 84 1
20 20 1
37 37 0
71 71 0
63 63 1
70 70 1
46 46 0
19 19 1
35 35 1
3 3 1
23 23 0
58 58 0
6 6 0
48 48 0
93 93 1
79 79 1
44 44 0
51 51 1
81 81 1
49 49 1
18 18 0
36 36 1
39 39 0
27 27 0
14 14 1
54 54 0
41 41 0
16 16 1
2 2 1
74 74 0
61 61 1
56 56 1
75 75 1
83 83 0
82 82 1
88 88 0
62 62 1
8 8 0
24 24 1
72 72 1
47 47 0
42 42 0
85 85 1
90 90 1
43 43 0
78 78 1
31 31 1
77 77 0
94 94 0
52 52 1
91 91 0
95 95 1
21 21 1
38 38 0
55 55 0
64 64 1
76 76 0
73 73 0
34 34 0
25 25 0
1 1 0
13 13 0
65 65 1
30 30 1
53 53 1
32 32 1
11 11 0
89 89 1
26 26 0
96 96 0
66 66 1
80 80 1
50 50 1
22 22 0
29 29 1
7 7 0
57 57 1
93 23 945340319269539913
42 42 1
31 31 1
63 63 1
59 59 0
8 8 1
37 37 0
16 16 1
1 1 1
51 51 0
6 6 1
40 40 1
53 53 0
39 39 0
12 12 1
80 80 0
56 56 1
4 4 1
71 71 1
23 23 0
79 79 1
83 83 1
21 21 0
24 24 1
100 87 7334
88 88 1
75 75 0
33 33 0
53 53 0
89 89 1
8 8 1
55 55 0
23 23 0
65 65 1
39 39 1
1 1 0
100 100 0
82 82 0
47 47 0
2 2 0
70 70 1
81 81 0
22 22 0
5 5 0
11 11 1
91 91 0
50 50 1
58 58 1
80 80 0
37 37 0
63 63 0
59 59 0
4 4 0
67 67 1
14 14 1
99 99 1
92 92 0
36 36 0
7 7 0
25 25 1
24 24 1
85 85 1
96 96 0
12 12 1
19 19 0
77 77 1
69 69 0
38 38 0
71 71 1
62 62 1
56 56 1
35 35 0
52 52 1
74 74 1
27 27 1
9 9 0
94 94 1
6 6 0
26 26 0
86 86 1
42 42 0
73 73 0
76 76 0
31 31 1
54 54 0
41 41 0
46 46 0
16 16 1
3 3 1
60 60 0
97 97 1
30 30 0
72 72 0
64 64 1
84 84 0
61 61 0
44 44 0
49 49 0
32 32 1
13 13 1
51 51 1
48 48 1
78 78 1
45 45 1
10 10 1
95 95 1
15 15 1
57 57 0
18 18 1
43 43 1
21 21 1
66 66 0
98 44 11398136484354517
40 40 0
32 32 0
92 92 1
71 71 0
98 98 0
81 81 0
96 96 1
72 72 0
78 78 0
14 14 1
2 2 1
88 88 0
95 95 0
24 24 1
7 7 1
85 85 1
49 49 1
46 46 1
37 37 0
57 57 1
34 34 1
91 91 1
31 31 0
36 36 0
47 47 0
18 18 0
93 93 1
83 83 1
89 89 1
13 13 0
97 97 0
43 43 0
33 33 0
58 58 0
55 55 0
42 42 1
51 51 1
4 4 1
12 12 0
75 75 1
44 44 1
19 19 0
69 69 0
61 61 1
94 49 11927931897934
39 39 1
89 89 1
86 86 1
68 68 0
94 94 0
1 1 0
32 32 0
71 71 1
49 49 1
93 93 1
38 38 1
60 60 1
84 84 1
75 75 0
59 59 0
63 63 0
81 81 1
28 28 0
91 91 0
70 70 0
15 15 0
46 46 0
54 54 0
20 20 0
45 45 1
37 37 1
85 85 1
42 42 1
72 72 1
26 26 0
66 66 0
11 11 0
56 56 0
9 9 1
79 79 0
61 61 1
13 13 0
77 77 1
30 30 0
43 43 0
18 18 0
27 27 0
4 4 0
55 55 1
58 58 1
25 25 1
82 82 1
29 29 0
52 52 1
98 65 3123186997
26 26 0
56 56 1
35 35 0
15 15 0
59 59 1
89 89 1
58 58 1
55 55 0
45 45 1
87 87 0
88 88 1
44 44 1
20 20 1
22 22 1
23 23 1
74 74 0
36 36 1
73 73 0
21 21 0
1 1 1
57 57 1
62 62 0
5 5 1
39 39 0
51 51 1
17 17 1
52 52 1
28 28 1
72 72 0
10 10 0
13 13 0
75 75 0
41 41 0
18 18 1
47 47 0
97 97 0
42 42 0
40 40 1
31 31 1
11 11 1
81 81 0
84 84 0
48 48 0
7 7 1
38 38 1
14 14 0
69 69 0
19 19 1
16 16 1
66 66 1
34 34 0
82 82 0
2 2 1
98 98 1
61 61 0
83 83 1
37 37 1
32 32 1
77 77 1
71 71 0
29 29 1
50 50 1
30 30 1
46 46 0
70 70 0
100 27 971066531006231492
22 22 0
59 59 1
28 28 0
6 6 1
47 47 1
94 94 0
19 19 1
78 78 1
38 38 0
9 9 1
8 8 0
36 36 0
17 17 1
76 76 1
79 79 0
86 86 1
2 2 1
37 37 0
29 29 1
14 14 0
95 95 0
62 62 1
61 61 0
49 49 1
44 44 0
99 99 0
21 21 1
95 63 3212002210
82 82 0
65 65 0
56 56 1
70 70 1
60 60 0
12 12 1
61 61 0
34 34 1
48 48 0
11 11 0
35 35 0
14 14 0
27 27 0
83 83 0
42 42 1
59 59 0
45 45 1
49 49 1
51 51 1
10 10 1
69 69 0
33 33 0
80 80 0
2 2 1
77 77 0
92 92 1
21 21 1
26 26 1
4 4 0
17 17 1
53 53 1
78 78 0
63 63 0
73 73 1
85 85 1
23 23 0
1 1 1
24 24 1
94 94 1
16 16 1
22 22 1
28 28 0
43 43 1
19 19 1
87 87 1
38 38 0
47 47 0
41 41 1
88 88 0
76 76 0
52 52 0
40 40 0
44 44 0
20 20 1
62 62 1
50 50 1
81 81 0
91 91 0
36 36 0
72 72 0
9 9 0
30 30 0
86 86 0
96 92 16
67 67 0
73 73 0
70 70 1
43 43 1
78 78 0
16 16 1
40 40 0
88 88 0
35 35 0
77 77 1
80 80 1
15 15 0
57 57 0
19 19 0
24 24 0
92 92 1
81 81 1
39 39 0
27 27 1
38 38 0
50 50 1
82 82 1
29 29 1
86 86 0
23 23 0
59 59 0
60 60 1
21 21 0
69 69 0
54 54 0
93 93 0
46 46 1
14 14 1
66 66 0
44 44 0
51 51 0
12 12 0
47 47 0
65 65 0
4 4 1
22 22 1
37 37 0
13 13 0
26 26 0
31 31 1
1 1 1
33 33 0
18 18 1
62 62 0
76 76 0
85 85 1
95 95 1
90 90 0
48 48 1
17 17 0
6 6 1
83 83 1
84 84 1
30 30 0
49 49 0
11 11 1
53 53 0
28 28 1
42 42 1
45 45 1
32 32 0
64 64 0
63 63 1
72 72 0
79 79 1
94 94 0
3 3 1
61 61 0
52 52 1
10 10 0
91 91 1
34 34 0
2 2 0
55 55 1
36 36 1
8 8 0
74 74 0
41 41 0
56 56 0
20 20 0
75 75 0
68 68 0
9 9 1
71 71 1
25 25 1
7 7 1
5 5 0
92 52 250195899228
79 79 1
90 90 1
15 15 1
88 88 0
41 41 1
51 51 1
26 26 1
22 22 0
44 44 0
23 23 0
18 18 0
16 16 0
1 1 1
14 14 1
80 80 1
48 48 0
31 31 0
9 9 0
68 68 0
77 77 1
60 60 0
4 4 1
20 20 1
30 30 0
42 42 1
21 21 0
39 39 0
33 33 1
47 47 1
36 36 1
92 92 0
29 29 1
66 66 0
61 61 1
49 49 1
84 84 0
63 63 1
32 32 0
35 35 0
24 24 1
56 56 1
7 7 1
82 82 1
10 10 1
13 13 0
78 78 0
3 3 1
67 67 1
87 87 1
62 62 0
73 73 0
12 12 0
10 7 3
2 2 0
6 6 1
4 4 0
1 1 0
9 9 0
8 8 0
7 7 1
99 16 477189580343843754
31 31 1
66 66 1
96 96 1
14 14 0
28 28 1
65 65 0
37 37 1
36 36 0
81 81 0
70 70 0
93 93 0
27 27 1
12 12 0
35 35 1
24 24 0
19 19 0
99 82 98880
8 8 1
33 33 0
71 71 0
25 25 1
46 46 1
9 9 0
74 74 0
80 80 1
94 94 0
99 99 1
43 43 0
19 19 0
73 73 0
34 34 0
22 22 1
98 98 1
14 14 1
15 15 1
39 39 1
89 89 1
2 2 0
1 1 1
10 10 1
79 79 1
6 6 1
66 66 0
60 60 0
84 84 1
28 28 0
35 35 0
68 68 1
55 55 1
5 5 0
70 70 1
85 85 0
36 36 1
7 7 0
50 50 0
42 42 0
91 91 0
56 56 0
24 24 0
47 47 0
32 32 0
72 72 1
20 20 0
52 52 1
26 26 0
69 69 0
64 64 0
58 58 1
67 67 1
27 27 1
95 95 1
61 61 1
92 92 0
97 97 0
41 41 1
17 17 1
87 87 0
57 57 0
13 13 1
16 16 1
11 11 1
77 77 0
51 51 1
48 48 0
63 63 1
18 18 1
83 83 1
37 37 1
93 93 1
31 31 1
45 45 1
96 96 0
82 82 0
53 53 0
40 40 1
90 90 1
44 44 1
78 78 1
30 30 0
99 80 181993
57 57 0
70 70 1
19 19 1
29 29 1
59 59 1
33 33 0
51 51 1
35 35 1
64 64 1
28 28 0
16 16 1
1 1 0
74 74 1
55 55 1
39 39 1
91 91 0
18 18 1
84 84 1
45 45 0
89 89 1
25 25 1
43 43 0
60 60 1
47 47 1
65 65 0
69 69 1
36 36 0
9 9 0
10 10 0
97 97 0
78 78 0
90 90 0
79 79 0
95 95 1
81 81 0
73 73 0
62 62 0
67 67 0
98 98 0
50 50 0
37 37 0
42 42 0
34 34 0
31 31 0
14 14 0
76 76 0
86 86 0
82 82 1
23 23 1
75 75 1
8 8 1
12 12 1
30 30 0
85 85 1
20 20 0
40 40 1
22 22 0
27 27 1
4 4 0
58 58 0
17 17 0
87 87 1
96 96 1
63 63 0
53 53 0
49 49 0
61 61 0
46 46 1
5 5 1
15 15 1
24 24 1
68 68 0
88 88 1
48 48 0
2 2 0
44 44 1
99 99 0
66 66 0
77 77 0
93 93 0
99 88 1843
12 12 0
53 53 0
41 41 0
48 48 0
42 42 1
25 25 1
13 13 0
47 47 1
46 46 1
68 68 1
80 80 1
29 29 1
19 19 0
97 97 0
58 58 1
33 33 0
67 67 1
43 43 0
30 30 1
55 55 0
90 90 0
93 93 1
87 87 0
91 91 1
50 50 1
14 14 0
74 74 0
98 98 1
56 56 0
39 39 0
88 88 0
76 76 0
9 9 1
71 71 0
65 65 1
85 85 1
82 82 1
11 11 1
63 63 1
21 21 1
96 96 0
1 1 1
24 24 1
95 95 0
2 2 0
34 34 0
75 75 1
31 31 0
17 17 1
86 86 0
44 44 1
27 27 0
36 36 0
84 84 1
69 69 1
20 20 1
7 7 0
38 38 1
61 61 1
28 28 0
83 83 1
8 8 0
92 92 1
54 54 0
35 35 1
5 5 0
66 66 0
70 70 1
94 94 0
32 32 0
73 73 0
59 59 1
3 3 1
10 10 1
6 6 0
77 77 1
62 62 1
81 81 1
78 78 1
72 72 1
64 64 0
79 79 1
49 49 1
60 60 1
57 57 1
52 52 1
4 4 0
23 23 1
99 18 816454691177488917
19 19 1
58 58 0
10 10 1
21 21 1
50 50 1
80 80 0
84 84 0
57 57 0
30 30 0
3 3 0
55 55 0
7 7 0
60 60 0
5 5 1
67 67 0
47 47 0
89 89 0
98 98 1
94 46 80611464464110
75 75 1
19 19 0
13 13 1
94 94 1
2 2 0
64 64 0
73 73 1
48 48 0
61 61 0
53 53 1
59 59 1
83 83 1
11 11 0
3 3 1
80 80 0
69 69 0
1 1 0
47 47 1
38 38 1
77 77 0
6 6 1
7 7 1
65 65 0
72 72 1
5 5 1
57 57 0
27 27 1
43 43 1
14 14 1
24 24 1
41 41 1
84 84 1
55 55 0
21 21 1
34 34 1
22 22 1
88 88 1
35 35 0
87 87 0
79 79 1
31 31 0
10 10 1
40 40 1
51 51 0
78 78 0
9 9 0
91 56 24947678362
18 18 1
36 36 0
19 19 1
13 13 1
42 42 0
2 2 0
64 64 1
50 50 0
91 91 1
71 71 1
3 3 0
74 74 1
76 76 1
33 33 1
39 39 0
79 79 1
57 57 0
40 40 1
72 72 1
66 66 0
25 25 1
9 9 1
10 10 0
37 37 0
70 70 0
4 4 1
43 43 1
11 11 1
55 55 1
73 73 1
30 30 1
81 81 0
16 16 1
49 49 1
83 83 1
12 12 1
51 51 0
32 32 1
44 44 0
45 45 0
54 54 1
58 58 0
1 1 0
65 65 0
47 47 1
17 17 0
77 77 1
20 20 0
88 88 1
53 53 1
46 46 1
78 78 1
60 60 1
22 22 1
48 48 0
31 31 1
91 18 114400621321152494
47 47 0
43 43 1
84 84 0
24 24 1
8 8 0
41 41 0
23 23 1
64 64 1
52 52 1
89 89 1
69 69 1
28 28 0
77 77 1
74 74 1
37 37 1
57 57 1
7 7 0
9 9 0
95 31 599139778098516885
66 66 0
18 18 1
51 51 0
72 72 0
11 11 0
64 64 1
44 44 1
76 76 1
59 59 1
86 86 0
61 61 0
89 89 0
16 16 0
91 91 0
87 87 1
19 19 0
40 40 0
5 5 1
20 20 1
30 30 0
42 42 1
21 21 0
68 68 1
13 13 0
35 35 0
39 39 0
3 3 0
82 82 0
94 94 1
54 54 1
95 95 1
95 50 31964288173297
76 76 1
86 86 1
40 40 1
43 43 0
30 30 1
51 51 1
65 65 0
80 80 1
49 49 1
59 59 0
58 58 1
84 84 1
13 13 0
56 56 1
15 15 0
75 75 0
73 73 0
12 12 0
85 85 0
34 34 0
63 63 1
68 68 1
91 91 1
83 83 1
74 74 0
60 60 0
62 62 0
8 8 1
4 4 0
21 21 0
31 31 1
18 18 1
79 79 1
41 41 1
3 3 1
23 23 0
82 82 1
9 9 0
29 29 0
92 92 1
69 69 1
88 88 0
46 46 0
24 24 1
50 50 1
33 33 1
10 10 0
11 11 0
38 38 1
26 26 1
92 47 11169949234534
82 82 0
20 20 1
22 22 1
37 37 1
3 3 0
77 77 0
86 86 0
14 14 1
68 68 1
13 13 1
83 83 0
71 71 1
80 80 1
53 53 1
30 30 1
52 52 0
34 34 1
60 60 0
69 69 1
79 79 0
17 17 0
90 90 1
89 89 0
64 64 1
36 36 1
65 65 1
84 84 1
91 91 0
5 5 0
7 7 1
10 10 0
6 6 0
4 4 0
42 42 0
48 48 1
25 25 0
58 58 1
23 23 0
16 16 1
24 24 0
54 54 0
56 56 1
75 75 1
78 78 0
33 33 1
88 88 0
46 46 0
96 76 315765
87 87 1
4 4 1
15 15 1
76 76 1
8 8 0
33 33 0
84 84 1
75 75 1
23 23 1
74 74 1
46 46 0
48 48 1
93 93 1
40 40 0
69 69 1
9 9 0
60 60 1
57 57 0
68 68 1
27 27 1
72 72 0
70 70 0
73 73 0
77 77 0
14 14 1
91 91 1
38 38 0
67 67 0
83 83 0
32 32 0
82 82 0
62 62 0
85 85 1
24 24 0
42 42 1
11 11 1
86 86 1
90 90 1
59 59 1
81 81 1
10 10 0
54 54 0
63 63 1
16 16 0
80 80 1
56 56 1
13 13 1
39 39 0
96 96 0
49 49 0
51 51 1
28 28 1
22 22 1
5 5 1
12 12 1
88 88 0
37 37 0
55 55 1
65 65 1
19 19 0
89 89 1
64 64 1
66 66 1
71 71 0
35 35 1
31 31 1
95 95 1
17 17 1
92 92 0
29 29 0
36 36 0
26 26 0
58 58 1
50 50 1
94 94 1
61 61 1
96 72 6867068
78 78 0
94 94 0
31 31 0
39 39 1
13 13 1
2 2 1
49 49 1
76 76 0
69 69 1
71 71 0
57 57 1
62 62 0
82 82 1
12 12 0
14 14 0
52 52 0
77 77 1
24 24 1
30 30 0
75 75 1
23 23 1
79 79 1
16 16 1
72 72 1
96 96 1
56 56 0
10 10 0
22 22 1
73 73 0
35 35 0
74 74 1
88 88 1
51 51 0
32 32 0
46 46 1
9 9 0
58 58 0
67 67 1
68 68 0
25 25 0
38 38 0
7 7 0
11 11 0
50 50 1
93 93 1
87 87 1
80 80 0
63 63 0
1 1 1
44 44 0
29 29 1
83 83 0
37 37 0
86 86 1
41 41 1
26 26 0
6 6 0
34 34 0
92 92 1
59 59 1
55 55 0
64 64 0
95 95 1
89 89 1
48 48 0
5 5 1
91 91 0
18 18 1
4 4 0
17 17 1
15 15 1
33 33 1
97 28 904211493676875243
21 21 0
40 40 0
3 3 1
91 91 0
50 50 0
63 63 1
94 94 0
57 57 1
12 12 1
67 67 1
95 95 0
89 89 1
93 93 0
4 4 1
28 28 0
74 74 1
90 90 0
83 83 1
80 80 0
96 96 0
25 25 1
46 46 1
14 14 1
42 42 1
70 70 1
66 66 1
88 88 0
48 48 0
99 74 27232284
52 52 0
26 26 0
24 24 1
97 97 0
1 1 0
93 93 0
87 87 1
89 89 0
29 29 0
68 68 0
94 94 1
54 54 0
28 28 1
5 5 0
49 49 1
43 43 0
82 82 1
20 20 0
4 4 0
79 79 1
56 56 1
95 95 1
18 18 1
92 92 0
51 51 1
73 73 0
2 2 0
27 27 0
90 90 1
70 70 1
61 61 0
86 86 1
39 39 0
12 12 0
13 13 1
83 83 0
64 64 0
65 65 0
91 91 1
53 53 0
81 81 0
69 69 1
59 59 1
35 35 1
66 66 0
11 11 1
72 72 0
44 44 0
37 37 1
10 10 0
16 16 0
74 74 0
25 25 1
33 33 1
67 67 0
55 55 1
38 38 0
84 84 0
9 9 0
36 36 1
98 98 1
77 77 0
42 42 0
30 30 1
21 21 1
45 45 0
63 63 0
99 99 0
14 14 0
46 46 0
47 47 0
17 17 1
8 8 1
60 60 0
95 70 10111690
20 20 1
88 88 0
89 89 0
80 80 0
77 77 1
68 68 0
4 4 1
44 44 1
45 45 1
49 49 1
60 60 0
86 86 1
57 57 0
18 18 1
90 90 1
37 37 1
61 61 0
83 83 0
36 36 0
75 75 1
6 6 1
15 15 1
55 55 1
50 50 0
31 31 0
8 8 0
79 79 0
25 25 0
35 35 1
23 23 1
46 46 1
12 12 1
87 87 1
81 81 1
62 62 0
82 82 0
30 30 0
85 85 1
10 10 0
48 48 0
78 78 0
64 64 0
69 69 0
76 76 0
52 52 0
94 94 1
71 71 1
17 17 1
27 27 0
34 34 0
91 91 0
1 1 1
19 19 1
95 95 0
47 47 0
38 38 0
32 32 1
53 53 1
70 70 1
16 16 0
84 84 0
65 65 1
63 63 0
33 33 0
42 42 1
21 21 1
14 14 0
26 26 0
56 56 0
22 22 0
100 78 921145
33 33 0
58 58 0
7 7 0
68 68 1
73 73 0
48 48 0
45 45 0
32 32 1
13 13 1
90 90 1
83 83 1
35 35 1
80 80 0
98 98 0
40 40 1
81 81 0
2 2 1
70 70 0
85 85 0
94 94 1
14 14 1
54 54 0
19 19 0
17 17 1
34 34 1
28 28 0
12 12 1
11 11 0
39 39 0
99 99 0
24 24 1
71 71 1
16 16 0
69 69 1
37 37 1
84 84 0
43 43 1
22 22 0
87 87 1
25 25 1
5 5 0
20 20 1
27 27 0
10 10 0
31 31 1
96 96 1
21 21 1
23 23 1
6 6 1
61 61 1
82 82 0
18 18 1
9 9 1
1 1 0
57 57 1
44 44 0
64 64 0
42 42 0
3 3 1
50 50 1
8 8 1
74 74 1
29 29 1
4 4 0
52 52 1
62 62 1
78 78 0
46 46 1
93 93 0
51 51 1
49 49 1
66 66 0
76 76 1
38 38 1
15 15 0
89 89 0
77 77 1
72 72 1
96 28 522386104363099752
74 74 0
87 87 0
27 27 1
83 83 1
96 96 0
55 55 1
36 36 1
63 63 1
17 17 0
42 42 0
91 91 1
19 19 0
34 34 0
44 44 0
71 71 0
45 45 1
6 6 1
15 15 1
62 62 1
16 16 1
65 65 1
22 22 0
37 37 1
75 75 1
28 28 0
26 26 1
31 31 1
2 2 1
91 85 54
91 91 1
54 54 0
65 65 1
47 47 0
23 23 1
84 84 0
42 42 0
45 45 1
39 39 0
51 51 1
73 73 1
33 33 1
17 17 0
15 15 1
18 18 1
25 25 1
30 30 0
71 71 1
37 37 1
76 76 1
11 11 0
89 89 1
29 29 1
90 90 1
3 3 1
26 26 0
60 60 1
69 69 1
70 70 0
10 10 1
9 9 0
44 44 0
1 1 0
66 66 1
46 46 1
8 8 0
67 67 1
57 57 0
58 58 0
68 68 1
74 74 0
20 20 0
41 41 0
88 88 1
22 22 1
56 56 1
82 82 0
48 48 1
52 52 1
24 24 1
86 86 1
77 77 1
34 34 0
7 7 1
49 49 0
55 55 0
53 53 1
81 81 1
36 36 0
21 21 1
83 83 0
63 63 0
14 14 0
19 19 0
5 5 0
85 85 1
6 6 0
87 87 1
59 59 0
31 31 1
4 4 1
80 80 1
62 62 1
2 2 0
78 78 1
72 72 0
43 43 1
38 38 0
40 40 0
12 12 0
64 64 1
50 50 0
28 28 0
27 27 0
79 79 0
99 58 2117283807571
36 36 0
42 42 1
17 17 1
2 2 1
14 14 1
5 5 0
54 54 1
85 85 0
33 33 0
81 81 0
16 16 1
49 49 1
92 92 0
72 72 1
79 79 1
35 35 1
52 52 1
12 12 1
19 19 0
11 11 1
8 8 1
39 39 0
62 62 0
22 22 0
55 55 0
40 40 1
99 99 0
25 25 0
18 18 1
44 44 1
4 4 1
91 91 1
29 29 0
15 15 1
57 57 1
9 9 1
34 34 0
56 56 1
28 28 1
58 58 1
38 38 1
60 60 1
48 48 0
50 50 0
23 23 1
47 47 0
80 80 1
67 67 0
89 89 1
32 32 0
77 77 1
61 61 0
90 90 0
96 96 0
65 65 0
86 86 0
26 26 0
43 43 0
94 28 699267776363023405
1 1 0
30 30 0
64 64 0
24 24 0
93 93 1
17 17 0
83 83 0
75 75 1
54 54 0
70 70 1
13 13 0
82 82 0
65 65 1
71 71 1
61 61 1
21 21 1
48 48 0
57 57 0
68 68 1
69 69 0
42 42 0
84 84 1
88 88 1
2 2 1
87 87 0
16 16 1
31 31 0
37 37 1
100 1 1000000000000000000
1 1 1
99 42 113895789291854038
44 44 0
53 53 0
59 59 0
32 32 0
99 99 0
45 45 0
5 5 0
8 8 0
46 46 1
1 1 0
35 35 0
4 4 0
66 66 1
77 77 1
17 17 1
28 28 1
89 89 1
34 34 0
56 56 0
94 94 1
84 84 1
72 72 1
67 67 0
74 74 1
61 61 0
75 75 1
26 26 0
68 68 1
60 60 0
71 71 0
18 18 0
93 93 1
23 23 0
52 52 0
9 9 0
88 88 0
63 63 0
78 78 0
62 62 1
49 49 0
57 57 1
30 30 0
99 64 18705465317
30 30 1
54 54 0
25 25 0
73 73 1
64 64 0
31 31 0
68 68 0
99 99 0
82 82 1
77 77 1
13 13 1
83 83 0
88 88 1
58 58 0
47 47 0
70 70 0
50 50 1
6 6 0
19 19 0
84 84 0
96 96 1
89 89 0
12 12 0
17 17 0
18 18 0
80 80 1
75 75 0
69 69 1
67 67 0
2 2 1
94 94 0
78 78 0
71 71 0
49 49 0
56 56 1
44 44 1
26 26 1
92 92 0
60 60 1
59 59 0
27 27 0
35 35 1
53 53 0
66 66 0
11 11 0
37 37 1
15 15 1
33 33 0
57 57 1
10 10 1
81 81 1
87 87 0
65 65 1
22 22 0
38 38 0
36 36 0
45 45 1
74 74 1
14 14 0
24 24 0
43 43 1
62 62 0
46 46 0
85 85 0
92 67 2958503
3 3 1
2 2 1
5 5 0
50 50 1
53 53 1
6 6 1
17 17 0
15 15 0
38 38 1
27 27 1
29 29 1
11 11 1
43 43 0
54 54 0
89 89 0
7 7 0
56 56 1
16 16 1
67 67 1
92 92 0
66 66 1
35 35 1
61 61 0
80 80 1
10 10 1
9 9 1
20 20 1
72 72 1
79 79 0
76 76 1
4 4 0
34 34 1
55 55 0
42 42 0
58 58 1
40 40 0
13 13 1
87 87 0
91 91 0
39 39 1
36 36 1
26 26 0
25 25 0
8 8 0
74 74 1
41 41 1
82 82 1
18 18 0
33 33 0
60 60 0
77 77 0
24 24 1
37 37 0
30 30 0
49 49 1
45 45 1
22 22 1
57 57 1
88 88 1
32 32 1
69 69 1
83 83 0
46 46 1
75 75 0
90 90 1
21 21 0
59 59 0
93 72 1235817
76 76 1
50 50 0
81 81 0
39 39 0
82 82 1
18 18 0
11 11 1
87 87 1
65 65 0
80 80 1
66 66 1
16 16 0
32 32 1
56 56 1
62 62 1
38 38 1
69 69 0
47 47 1
2 2 1
71 71 0
27 27 0
85 85 1
93 93 1
86 86 0
41 41 1
67 67 1
44 44 1
17 17 1
20 20 0
57 57 0
61 61 1
83 83 0
31 31 1
1 1 0
91 91 0
52 52 1
13 13 0
46 46 0
90 90 1
3 3 0
12 12 1
58 58 1
22 22 0
51 51 1
88 88 1
43 43 0
19 19 1
4 4 0
24 24 0
68 68 1
84 84 1
6 6 0
70 70 0
77 77 0
14 14 0
33 33 1
64 64 0
29 29 1
75 75 1
79 79 1
37 37 0
28 28 0
25 25 0
5 5 1
49 49 0
78 78 0
60 60 1
40 40 0
9 9 0
59 59 0
26 26 1
30 30 0
99 1 402580282361624949
18 18 1
