3
3 1 2
2 2 1
4 3 1
1 2 1
2 3 1
3 4 1
100 100 1
1 1 1
2 2 0
3 3 0
4 4 0
5 5 0
6 6 0
7 7 0
8 8 0
9 9 0
10 10 0
11 11 1
12 12 0
13 13 1
14 14 0
15 15 0
16 16 0
17 17 0
18 18 1
19 19 0
20 20 0
21 21 0
22 22 0
23 23 1
24 24 1
25 25 0
26 26 0
27 27 1
28 28 1
29 29 1
30 30 0
31 31 1
32 32 0
33 33 1
34 34 0
35 35 0
36 36 1
37 37 1
38 38 1
39 39 1
40 40 0
41 41 1
42 42 0
43 43 1
44 44 0
45 45 1
46 46 0
47 47 1
48 48 0
49 49 0
50 50 1
51 51 1
52 52 1
53 53 1
54 54 0
55 55 0
56 56 1
57 57 0
58 58 0
59 59 0
60 60 1
61 61 1
62 62 0
63 63 1
64 64 1
65 65 0
66 66 0
67 67 0
68 68 1
69 69 0
70 70 1
71 71 1
72 72 1
73 73 0
74 74 1
75 75 0
76 76 1
77 77 1
78 78 1
79 79 1
80 80 1
81 81 1
82 82 1
83 83 1
84 84 1
85 85 0
86 86 0
87 87 1
88 88 0
89 89 1
90 90 0
91 91 0
92 92 1
93 93 1
94 94 1
95 95 1
96 96 0
97 97 0
98 98 1
99 99 1
100 100 0
