100
5
1 2
2 3
2 4
3 4
3 5
3
1 2
1 3
2 3
9
1 2
2 3
2 4
2 5
2 6
2 7
2 9
4 7
7 8
20
1 2
1 3
1 8
1 14
2 5
2 7
3 4
3 13
3 16
3 18
4 17
5 6
5 10
5 11
7 8
7 9
8 12
10 19
14 15
18 20
14
1 2
1 4
1 5
1 7
1 10
2 3
4 6
5 8
6 7
7 11
8 9
9 12
9 13
12 14
4
1 2
1 3
2 4
3 4
17
1 2
1 4
1 10
2 3
2 5
3 8
5 6
5 16
6 7
6 12
8 9
9 13
10 11
13 14
13 17
14 15
14 17
4
1 2
2 3
2 4
3 4
9
1 2
1 4
2 3
2 5
2 7
3 5
3 9
5 6
7 8
21
1 2
1 4
1 5
1 6
1 9
1 10
1 20
2 3
3 13
3 16
3 19
4 8
5 11
5 12
6 7
7 11
7 21
8 15
11 18
13 14
15 17
29
1 2
1 24
2 3
2 4
2 5
2 10
3 7
3 13
4 6
4 9
4 14
5 8
5 19
6 17
7 12
7 18
7 23
9 11
9 15
11 19
11 20
13 16
13 26
14 25
15 22
20 21
22 28
23 27
27 29
9
1 2
1 3
1 4
3 7
4 5
4 6
4 9
5 8
5 9
20
1 2
1 3
1 4
1 8
2 5
2 9
2 12
4 6
4 14
4 17
4 19
6 7
6 11
6 13
6 15
7 18
8 10
10 20
12 14
12 16
15
1 2
1 3
1 4
1 12
2 7
2 11
3 9
4 5
4 10
5 6
7 8
7 15
8 10
9 14
11 13
28
1 2
1 3
1 5
1 6
1 7
1 9
1 15
1 19
1 20
2 13
3 4
4 8
4 18
4 28
5 11
5 22
6 16
8 10
9 12
11 25
13 14
13 27
14 23
16 17
17 23
19 21
20 24
24 26
30
1 2
1 30
2 3
3 4
4 5
5 6
6 7
7 8
8 9
9 10
10 11
11 12
12 13
13 14
14 15
15 16
16 17
17 18
18 19
19 20
20 21
21 22
22 23
23 24
24 25
25 26
26 27
27 28
28 29
29 30
30
1 2
1 3
1 15
2 9
2 19
3 4
3 6
3 7
3 23
4 5
4 8
4 11
4 16
7 10
7 21
9 18
10 12
10 28
11 14
12 13
12 25
13 29
13 30
14 17
15 20
16 17
16 26
17 24
20 22
26 27
30
1 2
1 5
1 6
1 26
2 3
2 9
2 22
3 4
3 8
3 11
3 14
3 30
4 7
4 30
5 24
5 29
6 10
6 12
8 16
8 23
9 25
10 17
11 13
11 15
12 20
14 19
16 18
17 21
19 27
21 28
30
1 2
1 3
2 3
3 4
4 5
5 6
6 7
7 8
8 9
9 10
10 11
11 12
12 13
13 14
14 15
15 16
16 17
17 18
18 19
19 20
20 21
21 22
22 23
23 24
24 25
25 26
26 27
27 28
28 29
29 30
4
1 2
1 4
2 3
2 4
28
1 2
1 3
2 14
2 16
3 4
3 5
4 6
4 9
4 21
5 8
5 23
6 7
6 15
7 10
7 11
7 13
7 24
7 27
8 12
8 17
8 18
8 22
9 20
10 26
14 18
18 19
20 25
26 28
29
1 2
1 3
2 5
2 8
2 9
3 4
3 6
3 11
5 16
5 22
5 25
6 7
6 10
6 21
7 14
7 19
8 13
9 12
9 17
10 27
11 18
11 23
13 29
14 15
14 24
19 20
20 28
21 22
22 26
16
1 2
1 7
1 8
1 16
2 3
2 11
3 4
4 5
4 6
4 9
4 13
6 10
6 14
10 12
10 15
15 16
13
1 2
1 4
1 11
2 3
2 10
3 6
3 7
4 5
6 8
6 9
7 12
9 13
10 12
5
1 2
1 3
2 3
2 5
3 4
13
1 2
1 10
1 13
2 3
2 4
2 8
3 11
4 5
5 6
5 7
6 9
9 10
10 12
19
1 2
1 5
1 7
1 16
2 3
2 4
4 9
5 6
5 8
5 11
5 12
5 14
5 17
5 18
6 10
8 13
13 17
13 19
14 15
26
1 2
1 4
1 8
1 12
1 17
1 19
2 3
2 5
2 10
4 6
4 14
5 11
5 16
5 22
6 7
6 9
7 11
7 24
8 13
8 25
11 20
13 15
14 21
14 26
15 18
21 23
22
1 2
1 3
1 5
1 6
1 7
2 8
2 9
2 10
3 4
3 11
4 14
7 13
7 16
7 19
7 22
8 12
9 16
11 15
11 20
12 17
12 21
15 18
8
1 2
1 5
2 3
2 4
2 6
2 7
3 8
7 8
21
1 2
1 4
1 7
1 12
2 3
2 5
2 6
2 19
3 14
5 10
5 18
6 13
7 8
8 9
10 11
11 15
11 16
13 21
14 17
15 18
18 20
14
1 2
1 3
1 4
1 11
2 5
3 7
4 8
5 6
6 9
7 10
7 14
8 11
9 13
11 12
30
1 2
1 3
1 6
1 10
1 19
2 15
2 25
3 4
3 5
5 8
6 7
7 29
8 9
8 22
8 24
9 11
9 17
10 12
10 14
10 18
12 13
13 14
13 23
14 20
15 16
15 26
15 28
18 21
18 27
28 30
15
1 2
1 4
1 12
2 3
2 6
2 8
2 10
3 5
5 7
5 8
5 9
8 14
10 11
10 13
11 15
8
1 2
1 5
1 7
2 3
2 7
3 4
3 6
7 8
9
1 2
1 3
1 5
1 7
3 4
3 8
4 6
5 9
6 8
30
1 2
2 3
2 4
2 6
2 7
2 9
2 11
2 13
2 16
3 5
5 10
5 14
5 24
6 8
7 17
7 26
9 12
10 15
11 21
13 23
15 18
15 19
15 30
16 20
18 28
19 22
20 26
22 25
24 27
24 29
12
1 2
1 4
1 6
1 10
2 3
3 5
3 9
4 11
5 7
5 8
7 12
10 12
7
1 2
1 3
1 4
1 6
3 5
4 6
6 7
13
1 2
1 10
1 11
2 3
2 4
2 5
3 6
5 12
6 7
6 8
6 9
9 13
10 12
8
1 2
1 3
1 4
2 7
2 8
3 5
3 6
4 5
9
1 2
1 7
2 3
2 4
4 5
4 8
5 6
6 8
8 9
23
1 2
1 4
1 5
1 17
2 3
2 7
2 9
2 12
4 6
4 8
7 10
8 14
8 17
8 20
9 22
10 11
10 19
11 13
11 18
11 21
13 15
13 23
14 16
12
1 2
1 3
1 4
1 7
2 11
3 5
3 6
3 8
3 12
5 10
6 7
7 9
5
1 2
2 3
2 4
2 5
4 5
5
1 2
1 3
1 5
2 3
2 4
30
1 2
2 3
3 4
4 5
5 6
6 7
7 8
8 9
9 10
10 11
11 12
12 13
13 14
14 15
15 16
16 17
17 18
18 19
19 20
20 21
21 22
22 23
23 24
24 25
25 26
26 27
27 28
28 29
28 30
29 30
25
1 2
1 22
2 3
2 5
2 7
3 4
3 8
3 10
4 6
4 13
4 15
6 17
6 19
7 9
8 11
8 14
8 18
9 12
9 21
10 16
10 20
12 20
15 24
19 25
21 23
11
1 2
1 7
1 11
2 3
2 4
2 5
2 6
4 6
6 10
7 8
8 9
29
1 2
1 3
1 6
1 14
2 4
2 5
2 8
2 9
2 10
2 19
3 15
5 7
5 12
6 13
6 27
7 21
8 11
8 16
10 22
10 29
11 17
13 20
13 23
14 24
16 18
16 28
19 21
20 26
24 25
16
1 2
2 3
2 4
2 8
3 5
3 11
4 6
5 10
5 15
6 7
6 9
7 8
7 13
10 12
10 16
11 14
15
1 2
1 4
1 5
2 3
2 8
2 11
2 12
3 6
3 14
4 7
4 9
6 10
6 11
8 13
11 15
27
1 2
1 5
1 7
2 3
2 22
2 23
3 4
4 12
5 6
5 9
6 8
6 16
6 18
7 14
8 10
9 15
9 20
10 11
10 13
10 19
12 26
14 17
15 21
15 24
17 27
19 25
25 26
10
1 2
1 3
1 5
1 6
1 8
2 3
3 4
3 7
5 10
7 9
29
1 2
1 3
1 5
1 10
1 22
2 9
2 11
2 16
2 24
3 4
3 6
3 8
3 13
4 7
4 17
5 19
5 27
9 14
9 29
10 12
10 25
13 15
14 21
15 18
16 20
16 23
19 21
23 26
25 28
14
1 2
1 10
2 3
2 6
2 11
2 12
3 4
3 13
4 5
6 7
6 14
7 8
7 13
8 9
4
1 2
1 4
2 3
3 4
10
1 2
1 10
2 3
2 4
3 5
3 8
4 7
5 6
5 10
7 9
5
1 2
1 3
1 4
2 4
4 5
12
1 2
1 4
1 7
1 8
2 3
2 4
3 5
3 6
4 10
5 9
5 12
7 11
29
1 2
1 3
1 7
1 18
1 22
2 4
2 23
3 5
4 6
4 10
4 15
4 28
5 13
6 14
7 8
7 9
7 11
8 12
10 20
11 16
11 27
12 21
14 26
15 22
16 17
16 19
17 29
18 25
19 24
6
1 2
2 3
2 4
3 4
4 5
5 6
9
1 2
1 5
1 7
1 8
2 3
2 9
3 4
3 8
4 6
29
1 2
1 6
1 15
1 24
2 3
2 4
2 23
2 29
3 12
3 14
4 5
4 8
5 10
5 16
6 7
6 11
8 9
9 13
10 21
11 27
12 18
13 19
14 17
14 20
14 22
15 28
18 25
22 26
22 27
6
1 2
1 3
1 4
1 6
4 5
5 6
22
1 2
1 3
1 4
1 7
1 11
1 17
1 22
2 5
2 12
2 15
3 6
3 9
3 14
4 10
5 8
6 20
7 16
7 19
8 12
8 13
9 21
11 18
9
1 2
1 3
1 4
1 7
1 9
4 5
4 8
5 6
7 8
25
1 2
1 5
1 7
1 8
1 23
2 3
2 5
3 4
3 6
4 19
4 21
6 12
7 9
7 10
7 14
7 20
8 17
8 22
9 11
10 18
11 13
14 15
14 25
15 16
23 24
5
1 2
1 5
2 3
2 4
3 5
11
1 2
1 5
1 8
2 3
2 5
2 9
3 4
3 6
4 11
5 7
9 10
9
1 2
2 3
2 4
2 6
3 5
5 7
6 8
6 9
7 8
14
1 2
1 6
2 3
3 4
3 12
4 5
4 13
5 7
5 10
5 14
6 9
7 8
7 10
9 11
22
1 2
1 3
1 5
1 7
2 4
3 9
3 10
4 6
4 16
5 11
5 13
7 8
7 18
7 19
7 21
9 11
10 12
10 22
11 14
13 20
14 15
15 17
5
1 2
1 4
2 3
3 4
3 5
28
1 2
1 5
2 3
2 4
2 13
2 15
3 6
4 8
4 9
4 22
5 7
6 18
7 10
8 12
8 16
8 19
8 20
8 21
9 11
9 23
10 26
10 28
11 14
13 24
15 16
15 17
20 25
22 27
13
1 2
1 7
2 3
2 5
2 6
2 8
3 4
3 7
3 10
3 11
8 9
10 12
12 13
29
1 2
1 3
1 11
1 12
1 17
2 4
3 7
3 15
3 26
4 5
4 6
4 29
5 8
5 13
5 22
6 14
6 19
6 23
6 27
7 9
8 10
8 24
10 16
10 17
12 28
15 20
15 21
17 18
18 25
24
1 2
1 5
1 6
1 20
2 3
2 7
2 9
3 4
3 11
4 22
5 22
6 10
6 14
7 8
8 16
8 21
8 23
9 19
10 12
10 18
11 24
12 13
14 15
16 17
6
1 2
1 4
2 3
3 4
3 5
5 6
30
1 2
1 4
1 6
1 8
2 3
3 5
3 11
4 7
5 18
5 19
5 24
6 13
6 15
7 9
8 10
8 20
8 27
8 29
8 30
9 23
10 12
11 16
12 14
13 17
17 21
19 25
21 22
22 26
25 27
25 28
24
1 2
1 3
1 4
1 10
1 16
1 22
3 14
3 23
4 5
4 8
5 6
5 17
6 7
6 12
7 9
7 13
8 20
10 11
12 15
14 18
15 19
15 23
16 24
20 21
23
1 2
1 23
2 3
2 4
2 5
3 14
4 6
4 7
4 11
4 20
5 13
5 22
6 9
6 16
6 18
7 8
7 12
7 22
8 10
8 19
9 15
15 17
19 21
10
1 2
2 3
2 9
3 4
3 5
3 7
3 8
5 6
5 9
9 10
6
1 2
1 3
1 4
2 6
3 4
3 5
19
1 2
2 3
2 5
2 6
2 17
3 4
3 8
3 11
3 12
5 7
5 9
5 13
5 14
6 10
7 15
7 19
9 18
9 19
13 16
24
1 2
2 3
2 4
2 8
2 15
3 14
3 23
4 5
4 6
4 7
4 9
4 10
5 12
5 21
7 16
7 19
8 11
8 18
11 13
12 20
12 22
14 23
15 17
20 24
12
1 2
1 4
1 7
1 9
2 3
2 6
2 11
3 5
3 8
5 9
8 10
11 12
17
1 2
1 3
1 4
1 5
1 9
1 11
1 13
4 7
4 8
4 12
5 6
5 15
5 16
6 7
8 10
11 14
11 17
14
1 2
1 9
2 3
2 4
2 5
2 8
3 10
4 6
4 7
6 11
8 10
8 13
11 12
12 14
28
1 2
1 3
1 7
1 16
2 4
2 5
2 8
2 11
2 17
2 20
2 25
2 26
4 6
4 9
4 17
6 10
8 12
8 28
11 13
11 24
12 14
12 19
13 15
17 18
20 21
21 22
21 23
24 27
9
1 2
1 4
1 6
1 8
2 3
2 4
2 9
4 5
5 7
27
1 2
1 4
1 9
1 17
1 19
2 3
3 5
3 13
3 21
4 7
4 8
4 11
4 18
5 6
6 12
6 15
7 14
7 16
8 10
9 23
9 26
11 22
12 25
13 20
14 24
20 25
24 27
17
1 2
1 3
1 6
1 11
2 5
2 12
3 4
3 9
5 7
6 8
6 14
6 15
8 10
9 13
9 14
10 16
12 17
22
1 2
1 6
1 7
1 10
1 11
2 3
3 4
4 5
5 15
5 18
6 8
6 10
6 14
6 21
8 9
9 16
11 12
11 13
13 17
14 20
16 22
18 19
20
1 2
1 4
1 5
1 19
2 3
2 6
2 20
4 7
4 8
4 12
5 9
5 10
5 11
7 16
8 13
8 15
12 14
12 18
15 16
15 17
10
1 2
1 5
1 7
2 3
2 8
3 4
3 6
3 10
4 9
4 10
10
1 2
1 5
1 6
2 3
2 8
3 4
3 9
4 6
5 7
6 10
7
1 2
1 3
1 4
3 4
3 7
4 5
4 6
6
1 2
1 3
1 4
2 6
3 5
4 6
5
1 2
1 4
2 3
3 5
4 5
