100
5
1 2
2 3
2 4
3 4
3 5
3
1 2
1 3
2 3
9
1 2
1 7
2 3
2 5
2 6
3 4
4 5
5 9
7 8
19
1 2
1 4
1 5
1 8
2 3
2 16
3 10
4 6
6 7
6 9
7 15
8 12
10 11
11 14
11 15
11 17
12 13
16 18
18 19
6
1 2
1 3
1 4
2 4
3 5
3 6
24
1 2
1 15
1 18
1 23
2 3
2 6
2 8
3 4
3 5
5 16
5 20
6 7
6 10
7 12
7 24
8 9
8 11
9 13
10 14
12 19
14 17
14 22
15 20
16 21
6
1 2
1 3
1 5
2 4
3 6
4 6
6
1 2
1 4
2 3
2 5
3 5
4 6
29
1 2
1 5
1 8
2 3
2 4
2 7
3 19
4 6
4 10
4 13
4 24
5 14
5 26
6 9
7 12
7 18
7 20
8 11
9 17
10 23
11 24
12 15
13 21
14 16
15 27
16 22
16 29
21 25
26 28
22
1 2
1 4
1 7
2 3
2 5
2 9
2 14
2 19
3 6
3 8
3 10
3 11
4 22
7 18
8 17
9 13
9 15
10 16
10 20
11 12
13 15
20 21
14
1 2
1 3
1 4
1 11
1 13
3 6
3 12
4 5
4 8
5 7
8 9
8 10
10 12
13 14
19
1 2
1 3
1 5
1 18
2 6
3 4
3 5
3 7
3 8
5 9
6 11
6 14
7 19
8 10
8 13
10 12
10 15
11 16
15 17
27
1 2
1 5
2 3
2 7
3 4
3 5
3 10
3 12
3 17
4 15
5 6
6 11
6 21
6 23
7 8
7 9
7 16
7 20
11 13
12 14
12 19
14 25
17 18
18 26
18 27
20 22
22 24
8
1 2
1 3
1 6
2 4
2 5
2 7
2 8
3 4
23
1 2
1 4
1 15
2 3
2 5
3 9
3 12
3 13
3 22
4 6
4 8
4 14
4 21
5 17
6 7
6 8
6 18
8 11
9 10
9 16
9 20
14 23
17 19
6
1 2
1 4
2 3
4 5
4 6
5 6
23
1 2
1 16
2 3
2 5
2 6
2 17
3 4
3 8
4 10
4 11
5 9
5 14
5 20
5 21
6 7
6 23
7 15
10 12
11 13
11 18
11 19
15 16
18 22
19
1 2
1 3
1 5
1 6
1 7
2 4
3 8
3 12
3 14
4 10
4 13
6 9
6 11
7 18
8 18
9 19
10 15
10 16
10 17
7
1 2
1 3
1 4
2 5
3 6
5 6
6 7
4
1 2
1 3
2 4
3 4
30
1 2
1 3
1 6
1 13
1 19
1 20
1 25
2 5
2 8
2 11
3 4
3 7
3 9
4 28
5 10
6 12
7 18
7 23
8 21
9 14
10 15
10 24
11 26
12 17
13 26
14 16
14 22
18 27
20 30
22 29
5
1 2
1 4
2 3
2 5
3 4
17
1 2
1 4
1 5
2 3
3 7
4 8
4 10
5 6
5 17
6 9
7 10
7 11
9 12
9 13
10 16
11 15
13 14
24
1 2
1 8
1 19
1 24
2 3
2 6
2 12
2 21
3 4
3 5
3 7
3 10
4 9
7 22
8 16
8 18
9 15
10 11
10 20
10 23
11 13
11 24
12 14
14 17
14
1 2
1 3
1 6
1 10
2 4
2 5
2 12
3 7
5 8
5 13
5 14
8 9
8 11
10 14
23
1 2
1 10
2 3
2 4
2 7
2 8
2 15
3 6
3 9
4 5
4 17
4 19
4 20
6 12
6 14
6 18
7 13
8 11
8 16
15 16
17 21
18 23
21 22
30
1 2
1 5
1 24
2 3
2 4
2 22
2 28
3 6
3 13
3 27
4 8
4 9
4 15
4 19
4 30
6 7
8 16
8 21
9 10
9 11
9 12
9 14
9 23
10 26
11 17
12 18
18 20
18 25
24 27
25 29
5
1 2
1 3
1 5
3 4
3 5
30
1 2
2 3
3 4
4 5
5 6
6 7
7 8
8 9
9 10
10 11
11 12
12 13
13 14
14 15
15 16
16 17
17 18
18 19
19 20
20 21
21 22
22 23
23 24
24 25
25 26
26 27
27 28
28 29
28 30
29 30
5
1 2
1 3
1 4
1 5
2 3
12
1 2
1 7
1 9
1 12
2 3
2 5
2 8
3 4
3 10
4 6
4 7
7 11
21
1 2
2 3
2 4
2 5
2 10
2 13
2 14
3 6
3 7
3 19
6 8
6 11
6 15
6 16
7 9
8 11
8 12
11 20
15 17
17 18
20 21
30
1 2
1 3
1 5
1 8
1 30
2 6
2 9
2 27
3 4
3 7
3 10
3 21
4 11
4 13
4 19
5 22
6 23
7 12
7 18
9 15
9 16
11 26
12 17
12 20
12 28
13 14
14 21
19 25
20 24
26 29
5
1 2
1 3
1 4
2 3
4 5
23
1 2
1 3
1 4
1 23
2 19
2 21
3 13
3 16
3 20
4 5
5 6
5 10
5 11
5 17
6 7
6 8
7 12
8 9
8 12
8 18
9 15
10 22
11 14
15
1 2
1 6
1 13
2 3
2 4
2 5
2 11
2 12
2 14
4 8
4 15
6 7
6 9
8 10
13 15
29
1 2
1 3
1 4
1 10
1 23
2 5
2 17
4 6
5 7
5 9
5 18
5 19
6 9
6 13
6 15
7 8
7 11
7 22
8 16
9 27
9 29
10 24
11 12
11 14
13 21
14 28
18 26
19 20
21 25
8
1 2
1 5
2 3
2 4
3 6
3 7
4 8
6 8
16
1 2
1 3
2 5
2 10
3 4
3 7
3 13
3 15
4 6
4 8
5 14
6 16
8 9
10 11
10 12
13 14
7
1 2
2 3
2 4
2 5
2 6
4 6
6 7
10
1 2
1 3
1 6
2 4
3 7
4 5
5 9
6 7
6 8
7 10
11
1 2
1 3
1 8
3 4
3 5
3 6
4 8
4 9
6 7
8 10
9 11
12
1 2
1 3
1 12
2 11
3 4
3 5
3 6
4 7
5 9
6 8
6 12
8 10
26
1 2
1 3
1 17
2 4
2 5
2 7
2 12
2 14
3 11
3 18
4 20
4 26
5 6
5 8
5 9
7 25
9 10
10 13
11 16
11 19
12 15
14 21
15 18
18 23
20 22
20 24
9
1 2
1 7
1 9
2 3
2 4
2 8
3 5
5 6
5 7
8
1 2
1 3
1 4
1 5
1 8
2 3
2 6
4 7
23
1 2
1 11
2 3
3 4
3 6
3 8
3 15
4 5
4 17
4 21
5 10
5 16
6 7
7 9
7 14
7 18
7 20
8 11
8 12
10 13
10 19
17 22
18 23
21
1 2
1 7
1 11
1 14
2 3
2 6
2 12
3 4
3 5
3 8
3 18
4 13
6 9
6 10
9 17
10 15
11 16
11 19
11 20
17 21
18 19
19
1 2
1 3
1 19
2 4
2 14
2 18
3 5
3 6
3 7
4 9
4 10
4 13
5 8
8 15
8 17
9 12
10 11
11 16
18 19
4
1 2
1 3
1 4
3 4
21
1 2
1 3
3 4
3 6
3 15
4 5
4 10
5 11
5 17
6 7
6 9
7 8
7 12
7 20
7 21
8 13
9 11
10 16
11 14
17 18
18 19
8
1 2
1 3
1 4
1 6
2 6
4 5
6 7
6 8
4
1 2
1 4
2 3
2 4
29
1 2
1 4
1 5
1 28
2 3
3 6
4 9
5 7
5 12
5 16
5 20
5 23
5 24
6 10
6 11
6 19
7 8
7 25
9 22
10 15
11 21
12 13
12 14
12 19
14 17
15 26
15 27
16 18
27 29
30
1 2
1 3
2 3
3 4
4 5
5 6
6 7
7 8
8 9
9 10
10 11
11 12
12 13
13 14
14 15
15 16
16 17
17 18
18 19
19 20
20 21
21 22
22 23
23 24
24 25
25 26
26 27
27 28
28 29
29 30
7
1 2
1 5
2 3
2 4
2 6
5 6
5 7
30
1 2
1 30
2 3
3 4
4 5
5 6
6 7
7 8
8 9
9 10
10 11
11 12
12 13
13 14
14 15
15 16
16 17
17 18
18 19
19 20
20 21
21 22
22 23
23 24
24 25
25 26
26 27
27 28
28 29
29 30
6
1 2
1 4
2 3
2 6
4 5
5 6
23
1 2
1 3
1 4
1 17
2 23
3 5
3 12
4 6
4 7
4 9
5 11
5 18
5 22
7 8
8 10
8 13
8 16
10 14
12 15
12 17
14 19
15 20
15 21
23
1 2
1 3
1 8
1 14
2 4
2 11
3 5
3 6
3 7
4 9
4 18
5 12
6 16
8 10
8 13
8 17
9 15
9 19
10 21
14 15
16 23
17 20
19 22
9
1 2
2 3
2 4
2 5
3 9
5 6
6 7
6 8
7 9
12
1 2
1 4
2 3
2 9
3 11
4 5
4 6
4 12
5 8
6 7
8 10
11 12
10
1 2
1 4
2 3
3 5
3 10
4 6
5 7
6 8
7 8
8 9
26
1 2
1 8
2 3
2 5
2 6
2 9
3 4
3 22
4 7
5 13
5 23
6 16
7 10
7 11
8 20
8 26
9 12
10 14
10 18
11 15
11 24
12 26
13 17
13 21
18 19
19 25
16
1 2
1 3
1 13
2 4
2 5
2 10
2 15
3 7
3 8
4 9
5 6
6 11
10 12
12 14
14 15
15 16
7
1 2
1 6
2 3
3 4
3 5
3 6
4 7
17
1 2
2 3
2 4
2 5
2 10
2 13
3 14
5 6
5 7
5 9
6 8
6 12
7 11
10 13
13 16
14 15
15 17
12
1 2
1 3
1 7
2 10
3 4
3 6
4 5
4 8
5 6
7 9
9 11
10 12
8
1 2
1 4
1 5
1 6
2 3
4 6
5 7
7 8
23
1 2
1 3
1 4
1 6
1 17
2 5
2 7
2 15
3 8
3 11
3 18
4 13
4 15
4 20
5 12
5 21
6 14
7 9
8 10
13 16
13 22
15 19
20 23
30
1 2
1 4
1 5
1 25
2 3
2 6
2 7
2 16
2 17
3 10
3 22
4 8
4 29
5 11
5 12
5 20
6 9
6 14
7 15
7 21
7 24
8 23
8 28
9 15
10 13
13 19
14 26
15 18
19 27
20 30
16
1 2
1 3
1 9
2 4
2 7
2 10
3 11
3 14
3 16
4 5
4 6
7 8
7 13
8 15
9 12
11 16
21
1 2
1 5
2 3
2 4
2 6
4 10
4 11
5 13
5 14
6 7
6 8
6 12
7 15
8 9
8 20
10 16
10 18
10 21
11 19
12 18
13 17
13
1 2
1 3
1 6
2 8
3 4
3 5
3 8
5 7
5 10
7 9
8 12
10 11
10 13
11
1 2
1 3
2 4
3 5
4 5
4 7
4 9
5 6
6 8
6 10
9 11
13
1 2
2 3
2 6
2 10
3 4
3 5
3 7
3 8
4 9
5 12
6 10
6 13
8 11
18
1 2
1 3
1 4
1 6
1 7
1 16
2 11
4 5
4 10
5 8
6 9
6 12
6 13
6 14
7 18
10 17
12 18
14 15
22
1 2
2 3
2 4
2 7
2 8
2 9
2 10
3 5
3 14
4 17
4 20
5 6
5 21
7 11
7 15
7 16
11 12
11 13
14 20
16 18
16 19
19 22
20
1 2
1 3
1 4
2 12
3 5
3 14
4 6
4 20
5 7
5 9
7 8
8 11
8 13
8 17
8 19
9 10
9 18
11 20
12 15
14 16
10
1 2
1 3
1 4
1 6
2 8
2 9
3 5
3 7
5 9
7 10
17
1 2
1 8
1 15
2 3
2 4
2 6
3 5
3 7
3 10
4 14
5 9
6 12
6 13
7 11
7 17
8 17
9 16
29
1 2
1 3
1 4
2 7
2 28
3 5
3 14
4 8
4 29
5 6
5 10
5 12
6 9
6 11
6 15
6 16
6 21
6 24
7 27
8 13
9 22
10 20
11 17
13 18
13 26
14 23
15 19
15 25
22 28
24
1 2
1 4
1 16
2 3
2 5
2 13
3 9
3 11
3 14
3 18
4 6
4 7
4 10
5 11
6 8
7 15
7 21
8 24
10 12
16 17
16 20
17 19
17 22
22 23
19
1 2
1 3
1 10
2 5
2 7
2 16
2 19
3 4
5 6
5 13
5 14
5 15
6 17
7 8
7 9
7 12
8 18
10 11
16 19
8
1 2
2 3
2 4
2 5
2 6
4 5
5 8
6 7
30
1 2
1 3
1 6
1 22
1 26
2 4
2 17
2 23
3 5
3 10
3 18
4 7
4 24
5 8
5 16
6 9
7 20
8 11
8 29
9 12
9 14
10 19
10 21
10 28
12 13
13 15
13 23
13 30
15 25
24 27
19
1 2
1 6
1 9
2 3
2 14
3 4
3 16
3 18
4 5
4 7
4 11
4 12
5 8
7 10
7 13
7 19
8 15
12 19
13 17
18
1 2
1 3
2 4
2 5
2 14
2 18
3 8
3 16
4 10
4 12
5 6
5 14
6 7
6 9
7 11
8 13
11 15
15 17
29
1 2
1 3
1 4
1 11
1 16
2 5
2 8
2 9
2 12
2 19
3 10
5 6
5 7
5 14
5 20
6 18
6 23
8 24
10 27
11 16
12 13
12 28
14 15
14 17
14 21
15 22
15 26
22 29
23 25
18
1 2
1 3
1 4
1 11
1 16
2 12
3 14
3 18
4 5
4 13
5 6
6 7
6 8
6 9
6 17
7 17
8 10
13 15
22
1 2
1 9
1 13
2 3
2 10
2 11
3 4
3 5
3 16
4 6
4 7
4 22
6 8
7 20
8 19
10 12
11 14
11 15
11 21
12 17
13 21
16 18
8
1 2
1 3
1 6
1 7
1 8
2 8
3 4
3 5
5
1 2
2 3
2 4
3 4
4 5
16
1 2
1 7
1 10
2 3
2 6
3 4
3 5
3 9
3 12
5 11
6 8
9 13
11 12
12 14
14 15
15 16
22
1 2
1 3
1 9
2 7
2 12
3 4
3 5
3 6
3 13
3 18
4 8
5 16
5 17
6 11
6 17
6 21
7 14
8 10
13 15
15 19
16 20
20 22
6
1 2
1 3
1 4
2 3
3 5
5 6
24
1 2
1 3
1 4
1 7
1 12
1 13
1 24
2 5
2 6
3 16
4 8
5 14
6 9
6 23
7 10
7 15
8 20
10 11
10 16
10 22
11 19
16 17
17 18
20 21
5
1 2
1 4
2 3
2 4
2 5
8
1 2
1 5
2 3
2 7
3 4
3 6
3 8
4 7
23
1 2
1 3
3 4
3 7
3 9
3 11
3 16
4 5
4 8
4 15
5 6
5 17
6 10
7 19
7 22
9 12
11 14
11 18
11 23
12 13
12 21
15 17
15 20
