100
413 720752
8782 8785
764260 764266
513746 773741
77776 77777
307112 781453
78265 78268
211 471250
251 541401
274 328453
327 814465
661 772041
134 456682
331 488748
1 1000000
567763 567771
861 181812
58575 804278
734 151436
184 614562
587 547472
4872 4873
566 312851
183615 748061
446185 730813
6 436826
130 708704
244310 580676
870737 870743
550 127337
381 251365
116 261253
555220 555222
77 615071
278 400837
473 162523
62322 546854
174085 313678
576856 820001
346638 346643
517 135131
352733 554775
18703 163567
774580 774581
447 511278
874770 874780
750 405681
763156 763166
674 220201
134 120535
740 488675
618 607634
23 565336
561 231686
128 168445
726 638454
23484 644614
2523 380650
30363 313573
83 473323
322 626837
24 603181
258847 258855
55 501577
426 717087
848161 848170
675128 701135
258 522721
654 125407
224580 224584
20422 20432
744830 754602
130576 130584
788 236028
34 622373
152 151750
635 214270
125850 125852
88 102
780 758240
513025 863776
2 3
100 510047
347 772883
528 303682
16 26
626082 738408
1 2
436 262754
878187 878188
123 100370
480 604681
317 108515
86412 128532
407135 407145
168 523765
26555 51325
341382 341386
805 543243
114 404734
