100
554513 554518
38613 271747
165 863537
677 335276
245 740327
680 163200
173 824448
642 122880
325 546461
350 265548
261302 670310
578 567347
1867 1876
484 152726
570 351785
332 233420
831373 831383
575827 838807
703 188317
13 540744
372 407806
386 706678
210 233201
442 646543
703 643308
812 556204
136030 716047
852 314365
55336 708646
205232 205241
31110 420425
633 147327
154 626827
143656 524460
242873 242875
544 351830
456483 803022
620 443324
623 166678
332 522247
714 671138
164 260480
116417 116427
232 272414
82 616376
266818 370085
225533 225537
732652 732655
21313 73207
64562 805386
26 384443
122063 220713
88 102
11 554028
551463 770002
61687 715427
578 403800
26115 26125
658886 817615
303 415516
82207 651406
557 163248
485 777817
236 425605
316324 316333
503 557477
201846 201854
114 532518
16306 834410
385 857312
317651 317652
740 120268
334 100166
308444 308453
7844 7851
77776 77777
614 836680
630408 750356
734 675877
10436 10437
2 3
246 110512
30102 30108
775258 775266
178 838511
13331 13336
465133 816626
325 880027
777232 870377
1 2
35 711138
131 747580
25161 25170
16 26
732 757288
73 704540
71 621764
61 325682
1 1000000
465607 465608
