100
99 83 41554
83 83 1
38 38 1
25 25 1
21 21 1
56 56 0
51 51 0
50 50 1
71 71 1
22 22 1
78 78 0
70 70 0
41 41 1
67 67 1
4 4 0
53 53 0
27 27 1
8 8 1
39 39 1
43 43 0
35 35 0
64 64 0
57 57 1
36 36 0
99 99 0
74 74 0
55 55 1
28 28 1
68 68 1
60 60 0
20 20 1
76 76 0
58 58 1
72 72 0
31 31 1
94 94 0
23 23 0
81 81 1
77 77 1
54 54 1
26 26 0
90 90 1
88 88 0
29 29 0
69 69 0
46 46 0
63 63 1
18 18 1
1 1 1
80 80 0
30 30 1
62 62 0
52 52 1
45 45 0
65 65 1
32 32 1
87 87 0
34 34 1
59 59 1
19 19 0
86 86 0
66 66 0
91 91 1
14 14 1
13 13 0
10 10 0
24 24 1
95 95 0
11 11 1
42 42 1
96 96 1
85 85 1
9 9 0
16 16 1
2 2 0
75 75 0
12 12 0
92 92 0
93 93 1
49 49 1
89 89 1
98 98 0
7 7 0
44 44 0
92 6 685349068208580713
25 25 0
46 46 1
39 39 0
42 42 1
35 35 0
5 5 0
94 50 7807066533042
22 22 0
75 75 1
70 70 0
61 61 0
16 16 1
48 48 1
64 64 0
81 81 0
33 33 1
26 26 0
18 18 0
54 54 0
23 23 1
51 51 1
43 43 1
83 83 0
92 92 1
85 85 1
56 56 0
45 45 0
46 46 1
71 71 1
59 59 1
12 12 0
4 4 0
90 90 0
27 27 1
58 58 1
47 47 0
86 86 1
69 69 1
25 25 1
35 35 1
66 66 1
32 32 1
72 72 1
80 80 0
84 84 0
88 88 1
36 36 0
76 76 0
10 10 0
13 13 0
31 31 0
91 91 1
8 8 0
82 82 0
77 77 1
78 78 0
62 62 1
93 77 38787
2 2 1
3 3 0
92 92 1
24 24 0
11 11 0
71 71 1
10 10 0
8 8 0
74 74 0
89 89 0
66 66 0
35 35 0
17 17 0
15 15 0
42 42 0
4 4 0
47 47 1
9 9 0
49 49 1
60 60 1
1 1 0
33 33 1
55 55 0
48 48 1
38 38 0
19 19 0
6 6 1
36 36 1
28 28 1
86 86 1
50 50 0
77 77 1
64 64 1
21 21 0
43 43 1
14 14 1
53 53 1
83 83 0
5 5 1
59 59 1
68 68 1
93 93 1
20 20 1
69 69 0
39 39 0
23 23 0
78 78 1
79 79 1
7 7 0
30 30 1
40 40 0
37 37 1
88 88 0
73 73 1
58 58 1
90 90 0
62 62 0
61 61 1
29 29 1
72 72 0
91 91 1
51 51 0
65 65 1
85 85 0
80 80 0
25 25 1
56 56 0
84 84 1
12 12 1
18 18 0
87 87 1
32 32 1
82 82 1
26 26 0
63 63 0
54 54 0
31 31 1
97 57 720586548567
6 6 1
86 86 0
65 65 0
74 74 1
38 38 0
31 31 1
82 82 0
58 58 0
71 71 1
79 79 1
87 87 1
34 34 0
27 27 0
89 89 1
49 49 1
44 44 1
93 93 1
84 84 1
7 7 1
4 4 0
8 8 0
22 22 0
92 92 1
85 85 0
51 51 0
63 63 1
3 3 0
64 64 0
47 47 1
18 18 1
33 33 1
29 29 1
28 28 0
69 69 1
59 59 1
53 53 1
88 88 0
83 83 0
9 9 1
10 10 1
45 45 0
90 90 0
80 80 1
95 95 1
75 75 1
39 39 1
81 81 0
2 2 1
40 40 0
32 32 0
72 72 0
24 24 0
52 52 0
70 70 1
55 55 0
19 19 0
48 48 1
94 87 72
91 91 1
63 63 1
8 8 1
10 10 0
37 37 1
76 76 0
4 4 0
88 88 0
34 34 1
36 36 1
5 5 1
38 38 1
22 22 1
68 68 0
54 54 0
13 13 0
23 23 0
94 94 1
29 29 0
83 83 1
46 46 0
19 19 0
42 42 1
92 92 1
43 43 0
16 16 0
41 41 1
1 1 1
93 93 0
86 86 0
85 85 1
9 9 0
17 17 0
7 7 1
26 26 1
31 31 0
20 20 0
25 25 1
12 12 0
58 58 0
77 77 0
57 57 1
18 18 1
67 67 0
40 40 1
90 90 1
75 75 0
82 82 0
21 21 0
45 45 0
62 62 1
14 14 0
24 24 1
39 39 0
32 32 1
47 47 0
44 44 0
80 80 1
81 81 0
61 61 1
53 53 0
60 60 0
27 27 0
49 49 1
15 15 1
73 73 1
30 30 0
51 51 0
48 48 1
56 56 1
64 64 1
65 65 1
3 3 0
87 87 1
79 79 0
78 78 1
52 52 1
6 6 1
11 11 0
70 70 1
74 74 0
66 66 1
59 59 1
50 50 0
35 35 1
33 33 1
55 55 0
97 84 5991
46 46 1
13 13 0
9 9 1
87 87 0
42 42 1
4 4 0
1 1 1
60 60 0
66 66 0
71 71 1
38 38 1
23 23 1
12 12 1
8 8 0
44 44 0
92 92 0
78 78 1
84 84 0
33 33 0
19 19 0
64 64 1
6 6 1
10 10 1
32 32 1
56 56 0
67 67 1
85 85 1
7 7 0
79 79 1
16 16 0
94 94 0
36 36 1
27 27 0
93 93 1
2 2 1
40 40 1
37 37 0
57 57 1
80 80 1
29 29 0
48 48 1
73 73 1
39 39 1
91 91 1
82 82 1
81 81 1
17 17 1
61 61 1
72 72 0
18 18 0
76 76 1
49 49 1
95 95 0
68 68 1
75 75 1
21 21 0
14 14 0
47 47 1
96 96 1
62 62 1
63 63 1
89 89 0
26 26 0
3 3 1
35 35 1
51 51 0
5 5 1
45 45 1
88 88 0
90 90 1
30 30 0
25 25 0
15 15 1
52 52 1
24 24 1
11 11 1
31 31 1
34 34 0
86 86 0
69 69 0
43 43 0
20 20 0
83 83 1
59 59 0
93 33 536254591627878949
66 66 0
93 93 0
73 73 1
70 70 0
32 32 0
85 85 0
64 64 1
75 75 1
76 76 1
35 35 0
61 61 0
52 52 1
8 8 1
55 55 1
28 28 1
48 48 0
62 62 1
91 91 1
25 25 0
36 36 1
33 33 0
56 56 0
67 67 0
57 57 0
90 90 1
21 21 0
16 16 1
39 39 0
46 46 1
58 58 0
2 2 1
40 40 1
87 87 1
98 5 227321468923576570
82 82 0
50 50 0
64 64 0
38 38 1
47 47 0
93 48 29823416486649
26 26 0
22 22 0
18 18 0
51 51 0
20 20 1
48 48 1
21 21 1
19 19 1
62 62 0
63 63 1
57 57 1
16 16 0
72 72 0
13 13 0
24 24 1
9 9 1
28 28 0
82 82 0
90 90 0
38 38 0
10 10 0
29 29 1
39 39 1
35 35 1
49 49 0
45 45 0
52 52 1
78 78 0
58 58 0
67 67 1
14 14 0
5 5 1
75 75 1
92 92 0
89 89 1
42 42 0
54 54 0
71 71 0
37 37 0
46 46 0
41 41 1
44 44 0
56 56 0
6 6 1
40 40 0
23 23 0
60 60 1
55 55 1
9 6 2
2 2 1
6 6 0
7 7 1
9 9 0
3 3 1
8 8 0
94 59 3519858209
23 23 1
41 41 1
6 6 0
67 67 0
78 78 1
7 7 1
30 30 0
74 74 1
53 53 1
26 26 0
94 94 0
10 10 0
37 37 1
31 31 0
20 20 1
24 24 1
22 22 0
85 85 0
69 69 1
82 82 0
14 14 1
44 44 0
48 48 1
43 43 1
86 86 1
57 57 0
45 45 1
92 92 1
89 89 1
17 17 1
91 91 0
15 15 0
29 29 1
47 47 0
25 25 0
28 28 0
33 33 1
61 61 0
5 5 0
9 9 0
77 77 0
58 58 1
16 16 0
70 70 0
49 49 0
46 46 1
51 51 0
71 71 0
32 32 0
19 19 0
64 64 1
12 12 1
93 93 0
68 68 1
56 56 0
54 54 0
36 36 0
65 65 0
87 87 1
98 3 891087335068641413
27 27 1
98 98 0
15 15 1
92 25 635363608754568746
22 22 0
9 9 1
68 68 0
82 82 0
71 71 0
54 54 1
51 51 0
37 37 1
74 74 1
87 87 1
56 56 1
39 39 1
42 42 0
55 55 1
53 53 1
13 13 1
1 1 1
5 5 0
2 2 0
34 34 1
18 18 0
46 46 1
80 80 0
12 12 1
67 67 1
95 7 517587538911926612
85 85 1
5 5 1
49 49 0
38 38 1
77 77 1
81 81 0
84 84 1
100 81 279442
36 36 1
43 43 0
98 98 1
70 70 0
4 4 0
56 56 1
54 54 0
81 81 1
93 93 1
29 29 1
100 100 0
30 30 0
96 96 0
97 97 1
55 55 1
62 62 0
94 94 0
53 53 1
23 23 0
19 19 0
80 80 0
38 38 0
87 87 0
2 2 1
39 39 1
20 20 1
24 24 0
85 85 0
1 1 0
44 44 1
66 66 1
13 13 1
12 12 1
42 42 0
27 27 1
50 50 1
58 58 1
15 15 0
73 73 0
63 63 1
82 82 1
5 5 0
65 65 0
49 49 1
71 71 1
68 68 0
37 37 1
46 46 1
52 52 0
76 76 1
40 40 1
64 64 1
84 84 0
33 33 1
10 10 1
61 61 0
7 7 1
90 90 0
78 78 1
41 41 1
69 69 1
51 51 1
67 67 0
8 8 1
3 3 1
91 91 1
72 72 1
57 57 0
83 83 0
11 11 1
89 89 1
31 31 0
26 26 1
9 9 0
18 18 0
45 45 0
59 59 1
60 60 1
92 92 1
75 75 1
77 77 1
8 6 1
5 5 1
7 7 1
6 6 0
2 2 0
4 4 0
1 1 0
99 41 236254390256889975
98 98 1
59 59 0
65 65 1
36 36 0
81 81 0
2 2 1
27 27 0
72 72 0
73 73 1
71 71 0
92 92 1
26 26 0
46 46 1
31 31 0
13 13 0
21 21 1
10 10 0
18 18 0
23 23 1
34 34 0
97 97 1
89 89 1
15 15 1
24 24 0
56 56 1
57 57 1
16 16 1
52 52 0
6 6 0
3 3 0
38 38 1
33 33 0
88 88 0
68 68 1
29 29 0
7 7 0
78 78 0
47 47 0
40 40 1
91 91 0
96 96 0
8 6 2
7 7 1
8 8 1
2 2 0
5 5 0
1 1 0
4 4 0
99 66 6044339429
97 97 1
67 67 1
28 28 0
77 77 0
4 4 1
7 7 1
29 29 1
43 43 0
55 55 1
22 22 1
76 76 0
71 71 0
73 73 1
93 93 1
85 85 1
87 87 1
84 84 0
89 89 0
45 45 0
83 83 1
86 86 1
38 38 1
58 58 0
44 44 1
24 24 1
78 78 1
13 13 0
12 12 0
31 31 0
92 92 0
50 50 1
70 70 1
10 10 0
96 96 1
40 40 1
54 54 1
72 72 1
79 79 1
60 60 1
61 61 0
23 23 0
41 41 0
66 66 0
37 37 1
33 33 0
11 11 1
2 2 0
95 95 1
27 27 1
80 80 0
6 6 1
3 3 1
81 81 1
98 98 0
64 64 1
94 94 0
65 65 0
57 57 0
34 34 0
74 74 0
82 82 0
99 99 1
8 8 0
91 91 1
75 75 0
35 35 1
95 74 604941
60 60 0
49 49 1
53 53 0
82 82 1
73 73 1
69 69 0
64 64 0
66 66 0
16 16 1
46 46 0
62 62 1
93 93 0
41 41 1
51 51 0
3 3 0
11 11 0
32 32 1
18 18 1
79 79 1
63 63 1
55 55 0
58 58 1
61 61 0
85 85 1
65 65 1
14 14 1
5 5 0
31 31 1
25 25 0
24 24 0
4 4 0
27 27 0
19 19 1
75 75 1
50 50 1
87 87 0
42 42 1
89 89 0
38 38 0
34 34 1
13 13 0
92 92 0
94 94 0
7 7 0
15 15 0
36 36 0
22 22 1
35 35 1
52 52 0
90 90 0
80 80 0
2 2 0
67 67 1
84 84 1
70 70 0
68 68 1
54 54 1
39 39 0
71 71 0
78 78 1
29 29 0
48 48 1
57 57 1
72 72 0
45 45 1
74 74 0
30 30 0
21 21 1
12 12 0
33 33 0
81 81 1
88 88 0
10 10 1
59 59 0
98 41 137753407316186892
6 6 0
24 24 0
27 27 0
37 37 1
91 91 0
98 98 0
32 32 0
10 10 0
9 9 1
70 70 1
42 42 0
34 34 1
67 67 1
31 31 1
56 56 1
79 79 1
15 15 0
55 55 1
30 30 0
43 43 0
46 46 1
59 59 0
64 64 0
12 12 0
80 80 1
25 25 0
62 62 0
72 72 1
53 53 1
16 16 1
8 8 0
36 36 0
75 75 1
65 65 0
54 54 1
39 39 0
68 68 0
52 52 0
4 4 0
7 7 1
35 35 0
100 68 2290953162
85 85 1
78 78 1
1 1 0
89 89 0
27 27 0
20 20 1
54 54 1
29 29 1
3 3 0
6 6 1
70 70 0
88 88 0
23 23 0
15 15 1
14 14 1
18 18 1
28 28 0
43 43 1
98 98 1
95 95 1
37 37 0
13 13 1
100 100 1
69 69 0
52 52 1
2 2 0
93 93 0
94 94 0
57 57 1
17 17 0
60 60 0
64 64 0
22 22 1
77 77 0
66 66 1
12 12 0
72 72 1
38 38 1
62 62 0
46 46 0
83 83 0
99 99 0
7 7 0
90 90 0
8 8 0
97 97 1
49 49 0
73 73 1
56 56 1
4 4 0
50 50 1
79 79 0
44 44 0
47 47 0
59 59 0
96 96 1
65 65 1
61 61 0
74 74 1
58 58 1
42 42 1
36 36 1
11 11 1
24 24 0
21 21 0
48 48 0
76 76 1
81 81 1
92 15 317888371155877938
79 79 0
41 41 1
72 72 0
40 40 0
75 75 1
92 92 0
87 87 0
73 73 1
42 42 1
19 19 0
83 83 1
34 34 0
68 68 1
46 46 1
15 15 1
92 66 49528580
44 44 1
78 78 1
37 37 0
55 55 0
45 45 0
35 35 0
49 49 1
69 69 0
2 2 0
33 33 0
59 59 0
73 73 1
13 13 1
60 60 0
29 29 0
34 34 0
87 87 0
39 39 1
6 6 0
74 74 0
12 12 0
42 42 0
11 11 1
80 80 0
9 9 1
89 89 1
68 68 1
83 83 1
64 64 0
76 76 1
63 63 1
75 75 0
46 46 1
65 65 1
40 40 1
53 53 0
10 10 0
67 67 1
5 5 1
81 81 0
91 91 0
82 82 0
70 70 1
56 56 0
51 51 1
28 28 1
22 22 1
3 3 1
25 25 0
85 85 1
52 52 1
15 15 1
48 48 0
86 86 0
31 31 0
17 17 1
72 72 1
8 8 1
32 32 1
38 38 1
21 21 0
41 41 1
88 88 1
23 23 0
43 43 1
4 4 1
96 55 1402976805229
42 42 1
45 45 0
68 68 0
94 94 0
50 50 1
22 22 0
81 81 1
40 40 0
56 56 1
47 47 1
6 6 1
69 69 0
61 61 1
70 70 0
55 55 1
91 91 1
31 31 0
5 5 1
76 76 1
36 36 1
53 53 0
35 35 0
27 27 0
73 73 0
77 77 0
24 24 1
86 86 0
13 13 1
4 4 0
19 19 1
87 87 0
49 49 0
93 93 1
23 23 1
33 33 1
39 39 1
37 37 0
90 90 1
44 44 0
8 8 1
2 2 0
89 89 1
52 52 0
58 58 1
72 72 0
67 67 1
64 64 0
80 80 1
18 18 1
10 10 1
85 85 1
82 82 1
83 83 1
26 26 1
1 1 1
100 85 17991
29 29 0
76 76 0
70 70 0
97 97 0
93 93 0
61 61 1
16 16 0
35 35 1
84 84 1
86 86 1
19 19 1
62 62 1
98 98 1
50 50 1
47 47 0
30 30 1
64 64 1
36 36 0
52 52 1
1 1 0
48 48 0
59 59 0
24 24 0
7 7 1
99 99 1
32 32 0
17 17 0
81 81 0
68 68 1
82 82 1
96 96 1
67 67 0
44 44 0
12 12 0
46 46 1
85 85 1
78 78 1
33 33 0
11 11 0
25 25 1
87 87 1
42 42 0
54 54 0
57 57 1
43 43 0
23 23 1
14 14 0
83 83 0
49 49 1
95 95 1
94 94 0
27 27 0
22 22 1
73 73 1
60 60 0
92 92 1
51 51 0
63 63 1
66 66 0
21 21 0
40 40 1
53 53 0
15 15 1
71 71 0
9 9 0
26 26 0
89 89 1
65 65 0
10 10 0
4 4 1
75 75 0
39 39 0
20 20 0
2 2 0
74 74 0
58 58 1
77 77 0
3 3 1
55 55 1
100 100 0
28 28 1
80 80 1
5 5 0
13 13 1
91 91 1
98 6 875166460215575558
48 48 0
40 40 1
51 51 1
1 1 1
79 79 0
18 18 1
5 3 2
5 5 1
1 1 0
4 4 0
94 89 31
71 71 0
91 91 1
45 45 1
23 23 1
25 25 1
22 22 0
94 94 0
65 65 1
53 53 0
60 60 1
55 55 0
51 51 0
82 82 0
37 37 1
83 83 1
70 70 0
73 73 1
31 31 0
11 11 0
27 27 1
30 30 0
32 32 0
17 17 0
58 58 1
13 13 1
7 7 0
66 66 1
78 78 0
21 21 0
42 42 1
49 49 0
2 2 0
36 36 0
84 84 1
43 43 0
79 79 1
62 62 1
14 14 0
72 72 0
16 16 0
4 4 0
89 89 1
39 39 1
64 64 0
54 54 0
10 10 1
74 74 0
18 18 1
69 69 0
87 87 0
20 20 1
35 35 1
77 77 1
48 48 0
1 1 1
57 57 1
93 93 0
26 26 0
28 28 1
76 76 0
3 3 0
52 52 1
46 46 1
63 63 1
5 5 0
68 68 1
9 9 1
8 8 0
67 67 1
86 86 1
85 85 1
41 41 1
56 56 0
80 80 0
61 61 1
50 50 0
40 40 0
44 44 0
34 34 1
6 6 1
15 15 1
75 75 0
59 59 1
81 81 0
90 90 0
88 88 0
24 24 1
12 12 1
19 19 0
93 52 887076476006
12 12 0
47 47 0
4 4 1
89 89 1
54 54 1
68 68 1
57 57 0
81 81 1
24 24 1
59 59 1
28 28 1
20 20 1
7 7 0
88 88 0
45 45 1
70 70 1
19 19 1
41 41 1
35 35 0
13 13 0
44 44 0
91 91 1
11 11 1
31 31 1
52 52 1
25 25 0
87 87 0
63 63 0
17 17 1
60 60 0
85 85 0
75 75 1
83 83 1
30 30 0
27 27 0
39 39 0
74 74 0
69 69 1
38 38 1
76 76 1
92 92 1
56 56 1
82 82 0
77 77 0
93 93 1
40 40 0
16 16 0
79 79 0
3 3 1
51 51 0
21 21 1
55 55 1
96 58 48120075456
94 94 0
61 61 0
58 58 1
7 7 1
80 80 0
9 9 1
69 69 1
46 46 0
70 70 0
19 19 0
68 68 1
37 37 1
48 48 1
32 32 0
77 77 1
42 42 1
75 75 0
57 57 0
35 35 1
83 83 0
96 96 1
38 38 1
76 76 1
86 86 0
85 85 0
55 55 0
29 29 1
50 50 1
79 79 0
34 34 0
27 27 0
60 60 0
26 26 0
10 10 0
43 43 1
53 53 0
14 14 1
88 88 0
44 44 1
65 65 1
92 92 1
13 13 1
25 25 0
41 41 1
71 71 1
1 1 1
31 31 1
84 84 0
78 78 1
33 33 1
47 47 1
3 3 1
6 6 1
54 54 0
59 59 1
24 24 0
49 49 0
82 82 1
95 81 14355
51 51 1
58 58 0
6 6 1
37 37 1
81 81 1
2 2 0
31 31 0
1 1 1
13 13 0
28 28 1
30 30 1
19 19 0
46 46 1
49 49 1
84 84 0
91 91 0
24 24 0
25 25 1
38 38 1
35 35 1
61 61 1
4 4 0
10 10 0
89 89 1
85 85 1
40 40 0
92 92 1
65 65 0
75 75 1
22 22 1
29 29 1
83 83 1
69 69 0
77 77 1
50 50 1
27 27 1
34 34 1
45 45 0
70 70 1
17 17 1
86 86 1
57 57 1
23 23 0
95 95 1
15 15 0
26 26 1
39 39 0
3 3 1
32 32 0
78 78 0
74 74 0
47 47 1
44 44 1
66 66 0
16 16 1
68 68 0
76 76 0
53 53 0
48 48 0
33 33 0
12 12 1
41 41 1
56 56 0
43 43 1
8 8 1
90 90 0
63 63 0
87 87 1
55 55 1
71 71 0
73 73 0
79 79 0
80 80 0
21 21 1
72 72 1
14 14 1
60 60 0
18 18 1
11 11 1
52 52 1
82 82 0
91 66 14457259
30 30 0
22 22 1
25 25 0
81 81 0
47 47 0
62 62 1
55 55 1
20 20 1
73 73 0
8 8 1
6 6 0
74 74 0
17 17 0
72 72 1
4 4 0
13 13 0
78 78 0
32 32 0
75 75 0
52 52 0
53 53 0
51 51 1
89 89 0
49 49 1
57 57 0
66 66 1
60 60 0
3 3 0
28 28 1
86 86 0
35 35 0
83 83 1
48 48 1
5 5 0
44 44 1
70 70 0
79 79 1
59 59 0
54 54 0
84 84 1
77 77 0
39 39 0
38 38 1
23 23 0
50 50 1
67 67 1
18 18 0
82 82 0
41 41 0
63 63 1
14 14 1
88 88 0
91 91 1
58 58 1
34 34 0
29 29 0
43 43 1
80 80 1
1 1 0
40 40 0
65 65 1
26 26 1
15 15 0
11 11 0
61 61 1
36 36 1
95 36 227561280208581570
21 21 1
83 83 0
5 5 0
44 44 1
77 77 1
62 62 0
9 9 0
32 32 1
2 2 0
85 85 1
15 15 1
17 17 1
19 19 1
28 28 1
51 51 1
6 6 0
52 52 0
3 3 1
12 12 0
38 38 0
33 33 1
74 74 1
87 87 1
41 41 1
67 67 0
13 13 0
43 43 1
16 16 1
63 63 0
93 93 1
56 56 0
95 95 0
36 36 1
86 86 1
94 94 1
4 4 1
97 39 231207046705918636
79 79 0
75 75 0
4 4 0
52 52 1
22 22 0
53 53 1
43 43 1
91 91 0
59 59 0
17 17 1
46 46 1
38 38 0
27 27 0
26 26 0
71 71 1
35 35 1
78 78 0
76 76 0
12 12 0
44 44 1
60 60 1
70 70 0
87 87 0
2 2 0
28 28 0
24 24 1
37 37 0
97 97 0
85 85 1
73 73 1
32 32 1
29 29 1
3 3 0
30 30 1
41 41 0
50 50 1
20 20 1
64 64 0
34 34 0
92 57 15012550911
69 69 0
15 15 1
4 4 1
26 26 1
40 40 0
7 7 0
88 88 0
22 22 0
64 64 1
55 55 1
19 19 1
80 80 0
70 70 0
49 49 0
66 66 0
2 2 1
71 71 1
21 21 1
72 72 1
53 53 1
3 3 0
68 68 1
42 42 0
77 77 1
45 45 0
63 63 0
10 10 0
89 89 1
67 67 1
11 11 1
34 34 0
59 59 1
78 78 1
28 28 1
61 61 0
52 52 1
85 85 0
5 5 0
14 14 1
92 92 1
12 12 0
13 13 1
36 36 0
81 81 0
54 54 1
31 31 0
73 73 1
27 27 0
57 57 0
87 87 0
44 44 0
76 76 1
8 8 1
75 75 1
17 17 0
6 6 0
56 56 0
94 79 3236
71 71 1
88 88 1
29 29 0
65 65 1
53 53 1
39 39 1
28 28 0
66 66 0
33 33 0
34 34 0
22 22 1
45 45 1
48 48 1
52 52 1
30 30 0
57 57 0
1 1 1
64 64 0
32 32 1
35 35 0
77 77 0
47 47 0
79 79 1
9 9 0
60 60 0
36 36 1
38 38 0
89 89 1
50 50 1
94 94 0
17 17 1
43 43 1
6 6 0
7 7 0
42 42 1
16 16 0
83 83 1
84 84 1
26 26 0
55 55 0
18 18 1
41 41 1
8 8 1
85 85 0
92 92 0
75 75 1
51 51 1
40 40 1
4 4 1
46 46 0
74 74 1
80 80 0
5 5 0
76 76 0
21 21 1
78 78 1
13 13 0
87 87 0
23 23 0
90 90 1
14 14 0
24 24 0
44 44 1
61 61 0
49 49 1
69 69 0
20 20 1
25 25 0
31 31 1
15 15 0
3 3 0
63 63 1
82 82 1
91 91 0
68 68 0
72 72 1
73 73 1
27 27 1
10 10 0
97 83 6776
74 74 1
19 19 0
25 25 1
46 46 0
57 57 1
87 87 0
4 4 1
70 70 0
49 49 0
1 1 1
77 77 0
80 80 1
90 90 0
62 62 0
42 42 1
34 34 0
5 5 0
54 54 1
45 45 0
95 95 1
60 60 1
79 79 1
85 85 0
40 40 0
61 61 0
24 24 1
82 82 1
32 32 0
83 83 1
21 21 1
47 47 0
39 39 1
73 73 0
51 51 1
78 78 1
2 2 1
6 6 1
11 11 1
88 88 1
92 92 0
56 56 1
84 84 0
52 52 0
63 63 1
16 16 0
15 15 0
14 14 0
59 59 0
20 20 0
38 38 0
30 30 0
18 18 1
81 81 0
72 72 1
67 67 0
22 22 1
55 55 1
26 26 0
27 27 0
68 68 1
35 35 1
86 86 0
29 29 0
93 93 0
31 31 1
69 69 0
37 37 1
41 41 1
64 64 1
36 36 1
33 33 0
58 58 0
96 96 1
91 91 1
3 3 1
43 43 0
23 23 0
48 48 1
8 8 1
76 76 1
17 17 1
28 28 0
50 50 1
100 1 1000000000000000000
1 1 0
94 44 333139558227507
89 89 1
27 27 0
16 16 1
35 35 1
39 39 1
15 15 1
21 21 0
86 86 1
76 76 1
29 29 1
71 71 1
49 49 0
69 69 1
4 4 1
91 91 0
3 3 1
24 24 0
82 82 1
25 25 1
14 14 0
53 53 0
84 84 1
74 74 1
58 58 0
92 92 0
59 59 0
26 26 0
65 65 1
32 32 0
43 43 1
12 12 0
46 46 1
6 6 1
54 54 0
38 38 0
52 52 1
77 77 0
81 81 0
88 88 0
50 50 0
61 61 0
85 85 0
79 79 1
7 7 1
98 30 213228834846210759
6 6 1
86 86 0
96 96 1
24 24 1
87 87 1
56 56 1
12 12 0
78 78 1
97 97 1
98 98 1
19 19 1
60 60 0
71 71 0
47 47 1
58 58 1
23 23 1
43 43 0
42 42 0
93 93 1
67 67 0
37 37 0
63 63 1
8 8 0
36 36 0
45 45 0
89 89 0
94 94 1
61 61 0
48 48 0
74 74 0
5 4 2
3 3 1
2 2 1
1 1 1
4 4 0
95 22 953103926709475502
27 27 0
68 68 1
92 92 0
26 26 0
5 5 0
64 64 0
40 40 1
8 8 0
75 75 0
42 42 1
14 14 1
20 20 1
83 83 1
50 50 1
51 51 1
46 46 0
28 28 1
9 9 0
10 10 1
33 33 1
70 70 1
37 37 0
95 52 258308532385
70 70 0
28 28 0
94 94 1
61 61 0
9 9 0
64 64 0
31 31 1
7 7 1
29 29 1
53 53 1
57 57 0
60 60 0
51 51 0
93 93 0
5 5 0
78 78 0
88 88 0
50 50 0
19 19 0
66 66 1
12 12 0
38 38 1
8 8 1
44 44 1
84 84 0
23 23 0
67 67 0
54 54 1
45 45 0
21 21 0
11 11 0
58 58 1
24 24 0
13 13 0
36 36 0
46 46 1
71 71 0
86 86 0
25 25 0
89 89 1
48 48 0
65 65 1
17 17 0
72 72 1
47 47 0
55 55 1
14 14 0
15 15 1
34 34 1
40 40 1
10 10 1
79 79 1
97 27 534920640527407335
36 36 0
63 63 1
96 96 1
58 58 1
31 31 0
33 33 0
46 46 0
23 23 1
41 41 1
19 19 1
97 97 1
8 8 1
49 49 0
18 18 0
69 69 0
64 64 1
75 75 0
39 39 0
78 78 1
25 25 0
30 30 0
93 93 0
48 48 0
2 2 0
90 90 0
29 29 1
86 86 0
97 12 677680208551628736
37 37 1
9 9 1
24 24 0
96 96 1
11 11 0
74 74 1
60 60 1
93 93 1
82 82 1
88 88 0
79 79 1
50 50 0
100 19 616834316732634517
92 92 1
71 71 0
36 36 1
4 4 1
50 50 1
69 69 1
34 34 0
28 28 0
78 78 1
87 87 1
93 93 0
94 94 1
68 68 1
15 15 0
95 95 0
81 81 0
27 27 1
9 9 1
12 12 1
92 49 2086115025989
50 50 0
59 59 1
52 52 1
33 33 0
84 84 1
25 25 0
39 39 0
55 55 1
51 51 0
78 78 1
45 45 1
80 80 1
35 35 1
34 34 1
24 24 0
81 81 0
54 54 0
47 47 0
5 5 1
40 40 0
23 23 1
82 82 0
28 28 0
42 42 0
3 3 1
46 46 0
43 43 1
73 73 0
6 6 1
49 49 0
17 17 0
19 19 1
76 76 0
75 75 1
56 56 1
70 70 1
83 83 0
22 22 1
1 1 0
62 62 1
74 74 0
64 64 1
32 32 1
77 77 1
44 44 0
69 69 1
63 63 0
86 86 0
92 92 0
93 1 95307662999172716
82 82 0
96 91 24
42 42 1
47 47 1
96 96 1
82 82 1
76 76 0
38 38 0
67 67 1
34 34 1
93 93 0
53 53 0
27 27 0
50 50 1
65 65 1
87 87 1
52 52 0
92 92 1
5 5 0
18 18 0
73 73 1
88 88 1
78 78 1
14 14 1
86 86 0
11 11 0
77 77 1
66 66 1
55 55 0
85 85 0
20 20 1
29 29 1
94 94 0
69 69 0
3 3 0
44 44 0
33 33 0
56 56 0
63 63 1
51 51 0
23 23 1
89 89 1
41 41 0
71 71 0
1 1 0
62 62 0
75 75 0
83 83 1
24 24 1
57 57 1
22 22 1
39 39 1
15 15 1
13 13 1
79 79 1
64 64 0
40 40 1
4 4 1
37 37 1
49 49 1
48 48 1
70 70 1
81 81 0
46 46 0
32 32 0
36 36 0
91 91 1
6 6 1
16 16 1
90 90 0
43 43 1
26 26 1
68 68 1
2 2 1
8 8 0
95 95 1
84 84 1
12 12 0
31 31 1
25 25 0
35 35 1
59 59 0
28 28 0
74 74 1
72 72 0
58 58 1
61 61 1
54 54 1
17 17 0
30 30 0
7 7 1
60 60 1
19 19 0
97 91 21
67 67 0
94 94 0
25 25 1
23 23 1
48 48 0
34 34 0
83 83 1
74 74 1
57 57 1
14 14 0
16 16 1
96 96 0
58 58 0
47 47 0
77 77 1
9 9 0
20 20 1
2 2 1
88 88 0
81 81 1
79 79 1
15 15 0
95 95 0
59 59 0
42 42 1
27 27 1
51 51 1
29 29 0
8 8 0
93 93 1
73 73 1
26 26 1
55 55 0
32 32 1
4 4 0
31 31 0
64 64 1
90 90 1
66 66 0
72 72 1
43 43 1
63 63 0
19 19 0
13 13 1
21 21 1
30 30 0
97 97 1
10 10 1
86 86 0
62 62 0
65 65 0
44 44 0
24 24 1
87 87 1
12 12 1
82 82 0
76 76 1
49 49 1
85 85 0
5 5 1
68 68 1
37 37 1
35 35 0
91 91 1
11 11 0
92 92 0
6 6 1
28 28 1
56 56 0
38 38 1
40 40 0
80 80 0
54 54 0
52 52 0
89 89 1
84 84 0
60 60 1
61 61 1
45 45 0
41 41 1
69 69 1
17 17 1
36 36 0
71 71 1
46 46 0
7 7 0
70 70 1
50 50 1
22 22 1
78 78 0
53 53 0
92 29 569391250237483915
89 89 1
75 75 1
9 9 1
80 80 0
91 91 0
37 37 0
34 34 1
77 77 0
30 30 1
1 1 0
16 16 0
83 83 1
22 22 1
55 55 0
59 59 0
28 28 0
42 42 1
56 56 1
24 24 1
63 63 0
21 21 1
11 11 0
52 52 1
43 43 1
25 25 0
69 69 0
39 39 0
48 48 1
45 45 0
99 55 3670669098226
10 10 1
26 26 0
70 70 0
16 16 0
98 98 1
6 6 0
66 66 0
37 37 0
41 41 1
48 48 1
45 45 1
96 96 1
21 21 0
43 43 1
55 55 1
99 99 1
73 73 0
33 33 0
13 13 1
5 5 0
34 34 1
9 9 0
97 97 1
56 56 0
77 77 1
52 52 1
28 28 1
15 15 0
1 1 0
86 86 0
44 44 0
8 8 1
20 20 1
7 7 1
53 53 1
80 80 0
88 88 1
47 47 0
82 82 0
50 50 0
72 72 0
75 75 0
22 22 0
4 4 1
11 11 0
19 19 0
79 79 1
38 38 1
24 24 1
42 42 0
29 29 1
14 14 0
71 71 1
94 94 0
83 83 1
100 84 45001
7 7 1
75 75 0
61 61 1
41 41 1
14 14 0
20 20 0
76 76 1
43 43 0
99 99 0
56 56 0
33 33 1
86 86 1
15 15 0
31 31 1
25 25 0
24 24 0
70 70 0
28 28 0
52 52 1
96 96 1
48 48 0
6 6 0
23 23 0
92 92 0
93 93 0
72 72 0
63 63 1
91 91 1
98 98 0
29 29 0
54 54 0
3 3 1
79 79 0
69 69 0
81 81 0
26 26 1
66 66 1
16 16 0
94 94 0
47 47 1
65 65 1
22 22 0
55 55 1
17 17 1
12 12 1
42 42 1
9 9 0
8 8 0
83 83 1
88 88 1
13 13 0
73 73 0
49 49 0
53 53 1
51 51 1
5 5 0
30 30 1
39 39 0
89 89 1
1 1 0
74 74 0
100 100 0
78 78 1
21 21 1
64 64 1
80 80 1
68 68 0
4 4 0
2 2 1
36 36 0
62 62 0
11 11 0
67 67 1
10 10 0
60 60 1
95 95 1
84 84 0
97 97 0
18 18 1
90 90 0
87 87 1
71 71 1
50 50 1
58 58 1
95 39 59876644963139808
52 52 0
30 30 0
28 28 0
47 47 0
49 49 1
10 10 0
66 66 1
6 6 1
86 86 1
36 36 0
25 25 0
95 95 0
9 9 0
16 16 1
81 81 0
42 42 0
60 60 0
8 8 0
48 48 0
26 26 0
72 72 0
17 17 1
11 11 0
40 40 0
85 85 0
64 64 1
94 94 1
12 12 1
56 56 0
18 18 1
55 55 0
67 67 0
57 57 0
82 82 0
68 68 0
87 87 0
29 29 1
78 78 0
71 71 0
95 26 824458238900356904
65 65 1
83 83 0
35 35 1
79 79 1
10 10 0
54 54 1
40 40 1
87 87 0
60 60 1
92 92 0
27 27 0
4 4 1
43 43 0
15 15 0
31 31 1
94 94 1
71 71 0
21 21 1
84 84 0
48 48 0
74 74 0
95 95 0
12 12 1
51 51 1
5 5 0
50 50 1
91 30 69747465786616625
68 68 0
43 43 0
67 67 0
13 13 1
81 81 1
51 51 0
77 77 1
71 71 1
3 3 1
22 22 1
54 54 1
76 76 0
73 73 1
46 46 1
75 75 1
58 58 0
24 24 0
41 41 1
45 45 1
85 85 1
39 39 0
61 61 1
20 20 1
10 10 0
4 4 1
36 36 0
65 65 1
9 9 1
12 12 0
19 19 1
93 88 11
89 89 0
15 15 1
66 66 1
68 68 1
50 50 0
3 3 0
51 51 0
47 47 0
58 58 1
56 56 0
75 75 0
80 80 0
1 1 0
77 77 1
34 34 1
37 37 0
43 43 0
84 84 0
41 41 1
35 35 0
83 83 1
91 91 0
23 23 1
17 17 1
32 32 0
87 87 0
57 57 1
38 38 1
14 14 0
64 64 0
24 24 0
78 78 1
52 52 1
65 65 1
26 26 0
25 25 1
61 61 1
76 76 1
49 49 1
40 40 0
11 11 1
46 46 1
85 85 0
72 72 1
16 16 1
73 73 1
27 27 0
42 42 1
59 59 1
8 8 1
88 88 0
6 6 0
19 19 1
92 92 0
10 10 1
81 81 0
44 44 0
4 4 1
7 7 1
67 67 0
2 2 0
53 53 0
69 69 1
20 20 0
22 22 1
45 45 1
9 9 1
33 33 0
21 21 1
28 28 1
74 74 1
5 5 0
79 79 1
13 13 0
71 71 0
90 90 0
70 70 0
30 30 1
54 54 1
93 93 0
55 55 0
63 63 0
86 86 0
29 29 1
12 12 0
82 82 0
36 36 0
62 62 1
97 83 13627
45 45 0
23 23 0
68 68 0
36 36 0
90 90 0
72 72 0
92 92 1
62 62 0
33 33 1
7 7 0
41 41 1
54 54 1
81 81 0
91 91 0
74 74 1
86 86 0
14 14 0
28 28 1
56 56 0
70 70 1
53 53 0
25 25 1
5 5 0
95 95 0
58 58 1
80 80 0
66 66 1
11 11 0
87 87 1
10 10 1
2 2 1
88 88 1
67 67 0
16 16 1
18 18 1
42 42 1
83 83 1
37 37 0
71 71 1
21 21 1
35 35 0
94 94 1
96 96 1
38 38 1
48 48 0
9 9 1
55 55 0
64 64 1
24 24 0
65 65 1
12 12 1
6 6 0
47 47 1
51 51 1
15 15 0
63 63 0
84 84 1
44 44 0
43 43 1
39 39 0
85 85 0
78 78 1
79 79 1
40 40 1
57 57 1
93 93 1
60 60 0
76 76 1
13 13 1
27 27 1
26 26 0
77 77 0
29 29 0
61 61 1
19 19 1
49 49 0
4 4 0
97 97 1
3 3 0
73 73 1
34 34 0
17 17 1
75 75 1
92 34 216083226762762465
30 30 0
59 59 0
87 87 0
67 67 1
56 56 1
80 80 0
42 42 1
41 41 1
53 53 0
20 20 0
2 2 0
90 90 1
16 16 0
81 81 1
64 64 0
71 71 1
51 51 0
47 47 0
37 37 1
23 23 1
13 13 1
84 84 1
12 12 1
66 66 1
36 36 1
28 28 0
61 61 1
60 60 1
83 83 0
26 26 1
43 43 1
39 39 1
32 32 0
22 22 1
98 38 401373533935255907
98 98 0
1 1 0
2 2 0
55 55 0
49 49 1
97 97 1
66 66 0
93 93 1
23 23 0
24 24 1
63 63 1
61 61 0
82 82 1
76 76 0
73 73 1
34 34 0
3 3 1
38 38 0
20 20 0
53 53 0
14 14 1
22 22 1
25 25 1
8 8 1
56 56 1
43 43 1
54 54 0
47 47 0
65 65 0
77 77 1
7 7 1
71 71 0
6 6 1
37 37 0
96 96 0
62 62 1
81 81 0
60 60 0
92 2 651605187587243803
50 50 1
60 60 1
97 92 2
20 20 1
54 54 0
50 50 1
44 44 1
86 86 1
25 25 1
8 8 1
16 16 1
9 9 0
70 70 0
87 87 1
56 56 1
80 80 0
51 51 1
67 67 0
59 59 1
29 29 1
43 43 1
5 5 0
47 47 1
65 65 0
55 55 1
17 17 1
58 58 0
83 83 1
37 37 0
33 33 0
73 73 0
10 10 0
34 34 1
62 62 0
7 7 0
96 96 0
4 4 0
76 76 0
35 35 0
48 48 1
88 88 0
30 30 1
97 97 1
32 32 0
82 82 1
6 6 0
14 14 1
49 49 0
18 18 1
91 91 1
64 64 1
69 69 0
94 94 1
79 79 1
24 24 1
61 61 0
39 39 0
52 52 1
41 41 1
60 60 0
27 27 1
22 22 1
31 31 1
38 38 0
93 93 1
28 28 1
1 1 0
45 45 1
19 19 0
21 21 0
68 68 1
26 26 1
77 77 1
23 23 0
89 89 1
92 92 0
90 90 1
78 78 0
75 75 0
36 36 0
84 84 1
2 2 1
40 40 1
95 95 1
53 53 0
15 15 1
13 13 1
3 3 0
42 42 1
66 66 1
81 81 1
71 71 0
74 74 0
85 85 1
57 57 1
91 59 1012990489
3 3 0
41 41 0
1 1 0
89 89 1
26 26 1
85 85 0
80 80 0
88 88 0
52 52 1
53 53 0
67 67 0
44 44 1
68 68 1
77 77 0
70 70 0
59 59 0
21 21 0
61 61 1
64 64 0
37 37 1
22 22 0
83 83 1
24 24 0
15 15 1
5 5 0
48 48 0
20 20 1
47 47 0
56 56 0
34 34 1
8 8 0
86 86 1
76 76 1
28 28 0
84 84 1
62 62 1
58 58 0
11 11 0
31 31 1
72 72 0
51 51 1
73 73 0
57 57 1
32 32 0
30 30 1
36 36 0
6 6 1
87 87 0
2 2 1
45 45 0
23 23 0
14 14 0
33 33 1
13 13 0
17 17 1
7 7 1
4 4 0
54 54 0
43 43 0
99 46 8578741303771498
11 11 1
30 30 1
48 48 1
15 15 0
99 99 1
41 41 1
54 54 1
72 72 0
86 86 0
79 79 0
28 28 0
16 16 0
26 26 1
33 33 0
73 73 1
42 42 1
55 55 0
87 87 0
67 67 1
44 44 1
39 39 1
50 50 0
91 91 1
88 88 0
17 17 1
62 62 1
66 66 0
74 74 1
43 43 0
76 76 0
90 90 0
3 3 1
71 71 0
78 78 0
29 29 1
63 63 1
21 21 1
61 61 0
89 89 0
14 14 1
65 65 1
49 49 0
38 38 1
64 64 0
10 10 1
31 31 0
100 70 701955686
13 13 1
62 62 0
66 66 0
100 100 1
43 43 1
34 34 0
84 84 1
80 80 0
88 88 1
42 42 1
58 58 0
64 64 1
17 17 0
83 83 1
48 48 1
10 10 1
99 99 0
41 41 1
54 54 0
86 86 0
29 29 0
33 33 1
75 75 0
68 68 1
52 52 0
36 36 0
16 16 1
73 73 1
59 59 0
45 45 1
27 27 0
38 38 1
26 26 1
4 4 0
65 65 1
47 47 1
55 55 0
63 63 1
6 6 1
95 95 1
50 50 1
1 1 1
89 89 0
61 61 0
87 87 0
49 49 1
23 23 0
28 28 0
22 22 0
57 57 1
81 81 0
53 53 0
51 51 1
74 74 1
12 12 0
25 25 1
31 31 0
92 92 0
98 98 1
44 44 1
21 21 1
18 18 1
70 70 1
11 11 0
24 24 1
85 85 1
35 35 1
90 90 1
37 37 1
20 20 0
92 63 317902451
17 17 1
92 92 0
46 46 0
73 73 0
76 76 1
27 27 1
5 5 1
29 29 1
87 87 1
67 67 1
89 89 1
60 60 0
45 45 1
64 64 0
28 28 1
55 55 1
14 14 1
11 11 1
57 57 0
23 23 0
21 21 0
52 52 0
1 1 1
36 36 0
72 72 1
43 43 0
83 83 1
32 32 0
68 68 1
10 10 1
40 40 0
79 79 0
58 58 0
62 62 0
26 26 0
31 31 0
25 25 1
34 34 1
38 38 0
8 8 1
4 4 1
47 47 1
24 24 1
75 75 1
18 18 1
78 78 0
33 33 0
70 70 0
80 80 0
59 59 0
86 86 1
15 15 1
48 48 1
44 44 1
61 61 1
6 6 1
19 19 0
84 84 0
82 82 1
69 69 1
30 30 0
91 91 1
77 77 1
100 100 1
1 1 1
2 2 0
3 3 0
4 4 0
5 5 0
6 6 0
7 7 0
8 8 0
9 9 0
10 10 0
11 11 1
12 12 0
13 13 1
14 14 0
15 15 0
16 16 0
17 17 0
18 18 1
19 19 0
20 20 0
21 21 0
22 22 0
23 23 1
24 24 1
25 25 0
26 26 0
27 27 1
28 28 1
29 29 1
30 30 0
31 31 1
32 32 0
33 33 1
34 34 0
35 35 0
36 36 1
37 37 1
38 38 1
39 39 1
40 40 0
41 41 1
42 42 0
43 43 1
44 44 0
45 45 1
46 46 0
47 47 1
48 48 0
49 49 0
50 50 1
51 51 1
52 52 1
53 53 1
54 54 0
55 55 0
56 56 1
57 57 0
58 58 0
59 59 0
60 60 1
61 61 1
62 62 0
63 63 1
64 64 1
65 65 0
66 66 0
67 67 0
68 68 1
69 69 0
70 70 1
71 71 1
72 72 1
73 73 0
74 74 1
75 75 0
76 76 1
77 77 1
78 78 1
79 79 1
80 80 1
81 81 1
82 82 1
83 83 1
84 84 1
85 85 0
86 86 0
87 87 1
88 88 0
89 89 1
90 90 0
91 91 0
92 92 1
93 93 1
94 94 1
95 95 1
96 96 0
97 97 0
98 98 1
99 99 1
100 100 0
8 4 7
4 4 1
1 1 0
6 6 1
3 3 0
98 79 157544
60 60 0
3 3 1
45 45 0
23 23 1
81 81 0
70 70 1
62 62 1
52 52 1
43 43 1
88 88 0
55 55 0
14 14 0
90 90 1
49 49 0
57 57 0
74 74 0
41 41 1
65 65 0
10 10 1
1 1 0
84 84 1
89 89 1
93 93 0
5 5 1
91 91 0
68 68 1
27 27 0
22 22 1
44 44 0
18 18 0
32 32 0
13 13 1
24 24 1
71 71 1
73 73 1
34 34 1
12 12 0
83 83 0
58 58 0
87 87 0
61 61 0
20 20 0
46 46 1
4 4 0
97 97 1
9 9 0
35 35 0
80 80 0
21 21 1
96 96 1
98 98 0
76 76 0
50 50 1
37 37 1
6 6 1
19 19 0
47 47 0
78 78 1
48 48 0
16 16 0
40 40 0
28 28 0
86 86 1
63 63 1
59 59 0
17 17 1
82 82 1
11 11 1
25 25 0
7 7 1
75 75 0
67 67 1
64 64 1
54 54 0
36 36 0
77 77 0
51 51 1
8 8 1
29 29 1
94 6 497028632643901708
83 83 0
73 73 0
16 16 1
2 2 0
82 82 1
93 93 0
97 38 213853243658489639
69 69 1
38 38 1
95 95 0
68 68 1
17 17 1
4 4 0
71 71 0
9 9 1
26 26 0
59 59 1
2 2 1
51 51 1
28 28 0
34 34 1
8 8 1
42 42 0
57 57 0
74 74 0
83 83 1
94 94 0
55 55 1
37 37 0
41 41 0
29 29 0
21 21 0
67 67 1
64 64 1
70 70 0
92 92 0
61 61 0
87 87 1
12 12 0
20 20 0
54 54 1
58 58 0
81 81 0
89 89 0
44 44 0
100 75 31578523
35 35 1
19 19 1
89 89 0
67 67 0
37 37 1
33 33 1
36 36 1
99 99 1
34 34 1
5 5 1
65 65 1
70 70 0
48 48 1
83 83 1
15 15 1
3 3 0
78 78 1
11 11 1
26 26 1
44 44 0
46 46 0
43 43 1
24 24 1
2 2 1
4 4 1
64 64 1
96 96 0
6 6 0
31 31 1
52 52 0
25 25 0
42 42 0
27 27 1
90 90 1
77 77 1
73 73 0
58 58 0
85 85 1
95 95 0
86 86 0
9 9 0
56 56 1
40 40 1
7 7 0
18 18 0
81 81 1
79 79 1
94 94 0
100 100 1
61 61 1
53 53 0
22 22 1
62 62 1
38 38 1
30 30 1
93 93 1
8 8 1
80 80 0
72 72 1
17 17 1
41 41 0
47 47 1
21 21 0
10 10 0
76 76 0
12 12 1
60 60 0
59 59 1
16 16 1
82 82 0
97 97 0
98 98 1
66 66 0
39 39 1
74 74 0
96 68 199583527
84 84 0
80 80 1
12 12 0
34 34 1
3 3 0
77 77 1
8 8 1
87 87 1
39 39 1
74 74 1
41 41 0
90 90 1
54 54 0
92 92 1
64 64 1
22 22 1
62 62 1
28 28 1
49 49 0
51 51 0
72 72 1
30 30 1
81 81 1
50 50 1
56 56 0
36 36 1
79 79 1
20 20 1
53 53 0
16 16 1
73 73 1
55 55 0
88 88 0
40 40 1
48 48 1
96 96 1
21 21 0
91 91 1
7 7 0
57 57 1
25 25 0
35 35 0
46 46 0
52 52 0
44 44 1
31 31 1
11 11 1
83 83 1
2 2 0
42 42 1
89 89 1
78 78 0
19 19 0
18 18 0
68 68 1
33 33 0
60 60 0
66 66 1
5 5 1
37 37 0
85 85 1
71 71 0
58 58 1
93 93 1
14 14 1
32 32 1
29 29 0
94 94 1
5 5 1
4 4 0
1 1 1
2 2 1
3 3 0
5 5 1
91 41 48163355964933
30 30 0
24 24 0
7 7 0
73 73 0
41 41 1
31 31 0
70 70 0
47 47 1
18 18 1
40 40 0
78 78 0
64 64 0
12 12 1
62 62 1
28 28 1
38 38 1
9 9 1
81 81 1
84 84 1
14 14 1
86 86 1
80 80 0
72 72 0
59 59 0
37 37 1
1 1 0
17 17 1
33 33 1
54 54 1
43 43 1
83 83 1
46 46 0
75 75 0
60 60 1
2 2 0
19 19 1
23 23 0
87 87 0
3 3 0
13 13 0
68 68 1
8 5 8
3 3 0
2 2 1
4 4 0
5 5 1
7 7 0
100 82 5561
12 12 0
97 97 0
9 9 0
6 6 0
59 59 0
46 46 1
30 30 1
49 49 1
67 67 1
65 65 0
15 15 1
16 16 1
85 85 0
62 62 0
73 73 1
7 7 0
58 58 1
98 98 1
42 42 0
29 29 0
40 40 1
24 24 0
91 91 0
71 71 1
21 21 1
50 50 1
55 55 1
3 3 0
17 17 0
95 95 0
41 41 1
27 27 1
61 61 0
35 35 1
38 38 0
32 32 0
31 31 0
14 14 0
25 25 0
10 10 1
44 44 1
69 69 1
82 82 0
5 5 1
36 36 0
18 18 0
80 80 1
45 45 1
83 83 0
56 56 1
23 23 1
22 22 0
2 2 1
89 89 0
8 8 1
11 11 1
75 75 0
28 28 1
72 72 0
76 76 0
48 48 0
78 78 0
77 77 0
93 93 1
68 68 1
60 60 0
43 43 1
96 96 0
99 99 0
70 70 0
4 4 0
92 92 1
79 79 1
53 53 1
13 13 0
39 39 0
1 1 0
19 19 0
34 34 0
88 88 0
37 37 0
87 87 0
7 7 1
7 7 1
6 6 0
2 2 0
4 4 0
1 1 1
5 5 0
3 3 0
9 1 140
1 1 0
92 67 6882826
34 34 0
66 66 1
80 80 1
17 17 0
89 89 0
26 26 0
43 43 1
51 51 0
52 52 1
35 35 0
61 61 0
82 82 0
53 53 1
31 31 1
90 90 1
15 15 0
40 40 0
1 1 0
5 5 1
28 28 1
75 75 1
39 39 0
56 56 1
73 73 1
42 42 0
22 22 0
7 7 0
59 59 0
33 33 1
32 32 1
78 78 1
46 46 0
11 11 0
21 21 0
70 70 1
74 74 0
85 85 0
88 88 1
60 60 1
48 48 1
18 18 0
12 12 0
69 69 1
65 65 0
29 29 1
24 24 1
20 20 0
36 36 1
76 76 0
50 50 1
19 19 0
30 30 0
23 23 0
49 49 1
6 6 0
4 4 0
68 68 0
44 44 1
77 77 0
25 25 1
41 41 0
10 10 0
83 83 0
64 64 1
62 62 1
13 13 1
45 45 1
96 20 299982233627324942
82 82 1
66 66 0
94 94 0
63 63 0
11 11 0
43 43 0
52 52 0
87 87 1
24 24 0
30 30 1
53 53 1
36 36 1
18 18 0
73 73 1
29 29 1
77 77 1
10 10 0
64 64 0
44 44 0
25 25 0
92 7 270502363125118083
38 38 1
45 45 1
82 82 1
62 62 0
75 75 0
10 10 0
41 41 0
97 41 1524707900765696
18 18 0
43 43 1
95 95 0
15 15 1
41 41 1
2 2 1
60 60 1
11 11 0
7 7 0
83 83 1
26 26 0
55 55 0
3 3 0
27 27 0
6 6 0
37 37 1
20 20 0
70 70 0
8 8 0
25 25 0
77 77 1
45 45 0
88 88 1
24 24 1
62 62 0
64 64 0
73 73 0
97 97 0
23 23 1
39 39 1
5 5 1
94 94 0
28 28 0
86 86 1
38 38 1
58 58 0
81 81 1
33 33 1
72 72 0
59 59 0
50 50 0
91 73 75910
46 46 0
37 37 0
53 53 0
16 16 1
86 86 1
29 29 0
48 48 1
43 43 0
27 27 1
41 41 0
79 79 1
8 8 0
10 10 0
3 3 0
28 28 0
56 56 0
42 42 1
77 77 0
88 88 0
68 68 0
22 22 0
1 1 0
44 44 0
35 35 1
66 66 0
87 87 0
70 70 1
52 52 0
2 2 0
17 17 1
39 39 1
12 12 1
84 84 1
55 55 0
65 65 0
91 91 1
45 45 0
75 75 0
31 31 1
4 4 1
6 6 0
62 62 1
20 20 1
21 21 1
90 90 1
83 83 1
58 58 0
81 81 1
72 72 1
59 59 1
80 80 1
54 54 0
5 5 0
24 24 1
36 36 0
49 49 1
18 18 1
15 15 1
74 74 0
57 57 1
25 25 0
89 89 0
82 82 0
64 64 0
78 78 1
50 50 1
30 30 0
23 23 1
9 9 0
51 51 1
40 40 0
38 38 1
61 61 0
95 29 530160224468479208
3 3 0
68 68 0
38 38 1
5 5 0
30 30 1
79 79 0
22 22 0
25 25 0
45 45 0
51 51 0
7 7 1
87 87 0
94 94 1
91 91 0
77 77 0
23 23 0
40 40 1
65 65 0
75 75 0
31 31 0
17 17 0
8 8 0
9 9 1
2 2 0
76 76 0
95 95 1
27 27 1
56 56 0
59 59 1
91 3 528677534879657256
41 41 0
26 26 0
29 29 0
92 77 18074
48 48 0
19 19 1
72 72 0
52 52 1
61 61 0
40 40 1
14 14 0
68 68 1
1 1 1
17 17 1
9 9 0
80 80 0
13 13 1
59 59 0
28 28 0
27 27 1
35 35 0
16 16 0
10 10 0
60 60 1
62 62 1
50 50 0
25 25 0
44 44 0
79 79 1
18 18 1
8 8 1
26 26 1
4 4 1
92 92 0
63 63 0
12 12 1
7 7 1
71 71 1
6 6 1
31 31 0
82 82 0
69 69 0
89 89 0
83 83 0
42 42 0
29 29 0
78 78 0
88 88 1
5 5 0
15 15 1
37 37 1
32 32 0
39 39 0
30 30 0
58 58 0
33 33 1
54 54 1
56 56 1
67 67 0
43 43 1
3 3 1
65 65 1
57 57 1
11 11 0
49 49 1
77 77 0
47 47 0
45 45 1
73 73 0
51 51 0
20 20 0
75 75 0
76 76 0
85 85 1
53 53 1
74 74 0
64 64 0
2 2 0
90 90 1
91 91 1
24 24 1
91 83 190
61 61 0
52 52 1
8 8 1
66 66 1
56 56 0
37 37 0
42 42 0
47 47 0
51 51 0
18 18 0
59 59 0
74 74 1
65 65 1
3 3 0
29 29 1
6 6 1
63 63 1
39 39 1
31 31 0
40 40 1
15 15 0
36 36 0
87 87 0
77 77 0
76 76 0
28 28 0
88 88 0
83 83 0
84 84 1
7 7 1
91 91 0
58 58 0
19 19 0
27 27 0
20 20 1
78 78 1
14 14 1
32 32 0
69 69 0
24 24 0
26 26 1
38 38 0
11 11 0
71 71 0
25 25 1
67 67 0
4 4 0
64 64 1
79 79 1
54 54 1
2 2 1
17 17 0
10 10 0
89 89 1
53 53 1
30 30 0
1 1 1
90 90 1
70 70 1
9 9 1
44 44 0
35 35 1
62 62 1
49 49 0
34 34 1
13 13 0
81 81 1
50 50 1
46 46 0
5 5 0
22 22 0
86 86 0
80 80 1
16 16 1
60 60 1
43 43 1
45 45 1
68 68 0
82 82 1
41 41 1
33 33 1
57 57 1
73 73 1
92 42 374576481228804
68 68 1
77 77 0
27 27 0
32 32 1
1 1 1
47 47 0
44 44 1
22 22 0
84 84 0
71 71 0
61 61 0
30 30 0
58 58 1
7 7 1
46 46 0
15 15 1
74 74 1
6 6 0
56 56 0
24 24 0
45 45 1
25 25 1
49 49 0
35 35 0
90 90 0
4 4 0
85 85 0
2 2 0
86 86 0
55 55 1
82 82 1
88 88 0
76 76 0
40 40 1
17 17 1
89 89 0
72 72 0
54 54 1
13 13 1
8 8 0
80 80 1
21 21 0
97 83 14393
58 58 0
37 37 0
78 78 0
47 47 1
39 39 0
81 81 0
44 44 1
83 83 0
55 55 1
89 89 0
50 50 1
52 52 0
24 24 1
70 70 0
38 38 0
5 5 0
90 90 1
91 91 0
1 1 0
13 13 1
95 95 1
2 2 1
51 51 0
75 75 0
12 12 0
69 69 1
65 65 1
34 34 0
94 94 0
62 62 1
6 6 0
97 97 0
41 41 1
84 84 1
61 61 1
77 77 0
76 76 0
86 86 1
57 57 0
27 27 0
82 82 0
63 63 0
93 93 1
29 29 1
31 31 1
79 79 1
20 20 0
11 11 1
23 23 0
26 26 0
73 73 1
46 46 0
71 71 0
80 80 0
49 49 1
43 43 1
3 3 0
32 32 1
21 21 1
96 96 0
18 18 1
48 48 0
25 25 1
19 19 1
88 88 0
45 45 0
68 68 1
36 36 0
17 17 0
64 64 1
7 7 1
85 85 1
66 66 1
14 14 1
59 59 1
28 28 1
40 40 0
10 10 1
9 9 1
8 8 0
67 67 1
72 72 1
42 42 1
91 33 143035103665941641
14 14 0
47 47 1
23 23 1
15 15 1
34 34 1
9 9 0
74 74 0
54 54 1
69 69 1
40 40 1
22 22 0
67 67 0
86 86 0
43 43 1
64 64 0
81 81 0
8 8 0
76 76 0
21 21 1
3 3 0
57 57 1
35 35 1
62 62 0
85 85 1
4 4 1
18 18 0
65 65 1
33 33 1
46 46 0
55 55 0
48 48 1
28 28 1
77 77 0
94 69 12534908
55 55 1
13 13 0
65 65 1
4 4 0
25 25 0
69 69 1
57 57 0
72 72 0
45 45 0
9 9 1
81 81 1
63 63 0
79 79 1
21 21 0
56 56 0
76 76 1
32 32 0
82 82 0
71 71 0
19 19 1
59 59 0
40 40 1
47 47 1
37 37 1
41 41 1
28 28 0
89 89 0
51 51 0
11 11 0
23 23 1
94 94 1
85 85 1
43 43 0
12 12 0
10 10 1
60 60 1
68 68 1
8 8 0
62 62 0
87 87 1
15 15 0
18 18 0
44 44 1
7 7 0
74 74 0
52 52 1
86 86 0
61 61 1
93 93 1
36 36 1
88 88 1
34 34 0
16 16 1
38 38 1
83 83 0
46 46 0
20 20 1
31 31 1
90 90 0
80 80 0
33 33 1
39 39 0
29 29 0
64 64 1
70 70 0
50 50 0
67 67 1
91 91 0
42 42 1
95 45 322471351184237
39 39 0
12 12 0
11 11 0
91 91 0
50 50 1
32 32 0
13 13 1
19 19 1
22 22 0
30 30 0
8 8 1
89 89 1
26 26 0
33 33 1
27 27 0
51 51 0
88 88 1
90 90 0
4 4 0
24 24 0
85 85 1
63 63 1
77 77 0
10 10 0
55 55 0
71 71 0
9 9 0
25 25 0
81 81 1
87 87 0
7 7 1
28 28 1
34 34 0
59 59 0
66 66 0
79 79 0
94 94 1
57 57 1
93 93 1
40 40 1
83 83 0
44 44 1
3 3 1
14 14 0
74 74 0
96 72 9696172
8 8 0
57 57 1
27 27 1
51 51 0
50 50 0
87 87 1
34 34 1
45 45 1
2 2 1
54 54 1
68 68 1
84 84 0
88 88 1
80 80 1
66 66 0
11 11 0
67 67 0
16 16 0
14 14 0
1 1 1
13 13 1
36 36 0
35 35 1
21 21 1
58 58 0
93 93 1
20 20 0
64 64 0
12 12 1
37 37 1
83 83 0
55 55 1
4 4 0
90 90 1
63 63 0
19 19 0
94 94 0
40 40 1
74 74 1
30 30 1
69 69 1
86 86 1
24 24 0
46 46 1
60 60 0
61 61 0
53 53 0
15 15 1
52 52 1
18 18 1
82 82 1
79 79 1
44 44 1
32 32 1
47 47 1
23 23 0
29 29 0
92 92 1
72 72 0
62 62 0
89 89 0
48 48 1
70 70 1
95 95 1
25 25 0
76 76 1
42 42 0
7 7 0
96 96 0
10 10 1
9 9 1
38 38 0
93 40 1218699650319565
89 89 1
86 86 0
38 38 1
14 14 1
83 83 1
70 70 1
65 65 0
4 4 1
44 44 1
43 43 1
18 18 0
93 93 0
49 49 0
66 66 0
6 6 1
61 61 0
62 62 0
8 8 1
79 79 1
59 59 0
2 2 0
53 53 1
58 58 1
67 67 0
71 71 1
75 75 1
37 37 1
16 16 0
39 39 0
32 32 0
41 41 1
42 42 0
76 76 1
73 73 1
88 88 1
74 74 1
26 26 1
21 21 1
34 34 0
24 24 0
96 70 35326158
43 43 1
81 81 0
34 34 0
54 54 1
88 88 1
57 57 0
47 47 1
39 39 1
55 55 1
46 46 1
53 53 0
64 64 1
68 68 0
33 33 1
27 27 1
77 77 0
86 86 0
41 41 1
18 18 1
60 60 0
23 23 0
59 59 1
74 74 1
78 78 0
61 61 1
71 71 0
4 4 1
14 14 0
15 15 0
79 79 1
1 1 1
90 90 0
87 87 0
13 13 1
67 67 0
11 11 1
16 16 0
8 8 0
31 31 1
6 6 0
19 19 0
24 24 1
95 95 1
40 40 0
65 65 0
91 91 1
48 48 1
37 37 1
72 72 0
17 17 1
75 75 1
66 66 0
63 63 1
80 80 0
69 69 0
85 85 0
2 2 1
30 30 0
20 20 1
73 73 0
28 28 0
94 94 0
49 49 0
38 38 1
50 50 1
35 35 1
10 10 1
52 52 0
96 96 0
12 12 1
93 89 5
14 14 1
83 83 0
7 7 0
3 3 0
71 71 1
74 74 1
70 70 1
76 76 0
25 25 0
66 66 0
36 36 0
12 12 0
64 64 1
86 86 1
9 9 1
59 59 0
56 56 1
28 28 1
5 5 1
85 85 0
40 40 1
90 90 1
1 1 0
30 30 0
29 29 0
48 48 1
51 51 0
20 20 0
16 16 0
84 84 1
67 67 0
43 43 0
15 15 1
31 31 0
61 61 1
42 42 0
81 81 1
46 46 1
17 17 1
6 6 0
26 26 1
52 52 0
57 57 1
44 44 1
22 22 0
92 92 1
11 11 0
4 4 0
63 63 0
65 65 0
73 73 1
2 2 1
38 38 1
88 88 0
69 69 1
60 60 0
41 41 1
93 93 1
32 32 0
45 45 1
55 55 0
21 21 1
54 54 0
8 8 1
89 89 0
68 68 1
37 37 0
39 39 0
24 24 0
53 53 1
13 13 0
33 33 0
58 58 0
62 62 1
72 72 1
87 87 1
27 27 1
18 18 1
79 79 1
75 75 1
23 23 0
49 49 0
80 80 0
47 47 0
91 91 1
34 34 1
78 78 1
82 82 0
10 10 1
97 84 7337
45 45 1
28 28 1
97 97 0
47 47 1
20 20 0
64 64 1
2 2 1
5 5 1
78 78 1
29 29 0
48 48 0
4 4 1
96 96 0
67 67 0
22 22 0
30 30 1
40 40 1
46 46 0
81 81 0
18 18 0
33 33 0
24 24 1
7 7 1
38 38 0
44 44 1
17 17 1
42 42 1
57 57 0
63 63 0
66 66 1
21 21 1
91 91 1
23 23 1
32 32 1
43 43 0
74 74 0
50 50 1
83 83 0
34 34 1
31 31 1
92 92 1
93 93 0
9 9 0
69 69 1
25 25 1
58 58 1
94 94 0
54 54 0
79 79 1
60 60 0
75 75 1
61 61 1
39 39 0
16 16 1
72 72 1
1 1 0
51 51 0
85 85 1
82 82 0
27 27 1
80 80 0
76 76 1
52 52 0
95 95 0
41 41 0
49 49 1
73 73 1
12 12 0
55 55 1
36 36 1
53 53 0
13 13 0
59 59 1
89 89 1
11 11 0
84 84 0
26 26 0
65 65 1
62 62 1
86 86 0
3 3 1
68 68 0
71 71 1
90 90 1
